date,projected,deaths,deathsPerMillion,deathIncrease,deathIncreasePerMillion,positive,positivePerMillion,positiveIncrease,positiveIncreasePerMillion
20200307,false,0,0,0,0,0,0,0,0
20200308,false,0,0,0,0,0,0,0,0
20200309,false,0,0,0,0,0,0,0,0
20200310,false,0,0,0,0,0,0,0,0
20200311,false,0,0,0,0,0,0,0,0
20200312,false,0,0,0,0,0,0,0,0
20200313,false,0,0,0,0,1,0,1,0
20200314,false,0,0,0,0,6,1,5,1
20200315,false,0,0,0,0,12,2,6,1
20200316,false,0,0,0,0,28,6,16,3
20200317,false,0,0,0,0,36,7,8,2
20200318,false,0,0,0,0,46,9,10,2
20200319,false,0,0,0,0,68,14,22,4
20200320,false,0,0,0,0,81,17,13,3
20200321,false,0,0,0,0,124,25,43,9
20200322,false,0,0,0,0,138,28,14,3
20200323,false,0,0,0,0,167,34,29,6
20200324,false,0,0,0,0,215,44,48,10
20200325,false,0,0,0,0,283,58,68,14
20200326,false,1,0,1,0,506,103,223,45
20200327,false,3,1,2,0,587,120,81,17
20200328,false,3,1,0,0,696,142,109,22
20200329,false,4,1,1,0,806,164,110,22
20200330,false,6,1,2,0,859,175,53,11
20200331,false,13,3,7,1,981,200,122,25
20200401,false,26,5,13,3,1077,220,96,20
20200402,false,32,7,6,1,1233,251,156,32
20200403,false,35,7,3,1,1432,292,199,41
20200404,false,43,9,8,2,1580,322,148,30
20200405,false,45,9,2,0,1796,366,216,44
20200406,false,50,10,5,1,1968,401,172,35
20200407,false,56,11,6,1,2119,432,151,31
20200408,false,66,13,10,2,2369,483,250,51
20200409,false,74,15,8,2,2769,565,400,82
20200410,false,80,16,6,1,2968,605,199,41
20200411,false,91,19,11,2,3191,651,223,45
20200412,false,93,19,2,0,3525,719,334,68
20200413,false,99,20,6,1,3734,762,209,43
20200414,false,110,22,11,2,3876,791,142,29
20200415,false,121,25,11,2,4113,839,237,48
20200416,false,133,27,12,2,4345,886,232,47
20200417,false,144,29,11,2,4530,924,185,38
20200418,false,146,30,2,0,4655,949,125,25
20200419,false,154,31,8,2,4837,987,182,37
20200420,false,167,34,13,3,5025,1025,188,38
20200421,false,177,36,10,2,5231,1067,206,42
20200422,false,194,40,17,3,5465,1115,234,48
20200423,false,197,40,3,1,5778,1178,313,64
20200424,false,197,40,0,0,5832,1189,54,11
20200425,false,212,43,15,3,6137,1252,305,62
20200426,false,216,44,4,1,6270,1279,133,27
20200427,false,222,45,6,1,6499,1325,229,47
20200428,false,242,49,20,4,6687,1364,188,38
20200429,false,245,50,3,1,6842,1395,155,32
20200430,false,269,55,24,5,7019,1432,177,36
20200501,false,279,57,10,2,7158,1460,139,28
20200502,false,288,59,9,2,7434,1516,276,56
20200503,false,290,59,2,0,7725,1576,291,59
20200504,false,296,60,6,1,8025,1637,300,61
20200505,false,313,64,17,3,8285,1690,260,53
20200506,false,340,69,27,6,8581,1750,296,60
20200507,false,349,71,9,2,8898,1815,317,65
20200508,false,375,76,26,5,9221,1881,323,66
20200509,false,388,79,13,3,9567,1951,346,71
20200510,false,393,80,5,1,9777,1994,210,43
20200511,false,401,82,8,2,10009,2041,232,47
20200512,false,429,87,28,6,10310,2103,301,61
20200513,false,449,92,20,4,10617,2165,307,63
20200514,false,467,95,18,4,10968,2237,351,72
20200515,false,476,97,9,2,11216,2287,248,51
20200516,false,485,99,9,2,11523,2350,307,63
20200517,false,488,100,3,1,11771,2401,248,51
20200518,false,489,100,1,0,12086,2465,315,64
20200519,false,504,103,15,3,12376,2524,290,59
20200520,false,517,105,13,3,12744,2599,368,75
20200521,false,529,108,12,2,13119,2676,375,76
20200522,false,537,110,8,2,13563,2766,444,91
20200523,false,546,111,9,2,13938,2843,375,76
20200524,false,551,112,5,1,14327,2922,389,79
20200525,false,562,115,11,2,14730,3004,403,82
20200526,false,575,117,13,3,15396,3140,666,136
20200527,false,581,118,6,1,15843,3231,447,91
20200528,false,590,120,9,2,16310,3326,467,95
20200529,false,605,123,15,3,16823,3431,513,105
20200530,false,618,126,13,3,17359,3540,536,109
20200531,false,631,129,13,3,17903,3651,544,111
20200601,false,646,132,15,3,18363,3745,460,94
20200602,false,651,133,5,1,18642,3802,279,57
20200603,false,653,133,2,0,18851,3845,209,43
20200604,false,653,133,0,0,19072,3890,221,45
20200605,false,676,138,23,5,19387,3954,315,64
20200606,false,689,141,13,3,20043,4088,656,134
20200607,false,692,141,3,1,20500,4181,457,93
20200608,false,718,146,26,5,20925,4268,425,87
20200609,false,729,149,11,2,21422,4369,497,101
20200610,false,744,152,15,3,21989,4485,567,116
20200611,false,755,154,11,2,22845,4659,856,175
20200612,false,769,157,14,3,23710,4836,865,176
20200613,false,773,158,4,1,24601,5017,891,182
20200614,false,773,158,0,0,25615,5224,1014,207
20200615,false,774,158,1,0,26272,5358,657,134
20200616,false,785,160,11,2,26912,5489,640,131
20200617,false,790,161,5,1,27312,5570,400,82
20200618,false,810,165,20,4,28206,5753,894,182
20200619,false,822,168,12,2,29002,5915,796,162
20200620,false,838,171,16,3,29549,6026,547,112
20200621,false,839,171,1,0,30021,6123,472,96
20200622,false,841,172,2,0,30454,6211,433,88
20200623,false,864,176,23,5,31097,6342,643,131
20200624,false,891,182,27,6,32064,6539,967,197
20200625,false,896,183,5,1,33206,6772,1142,233
20200626,false,907,185,11,2,34183,6972,977,199
20200627,false,919,187,12,2,35083,7155,900,184
20200628,false,919,187,0,0,35441,7228,358,73
20200629,false,929,189,10,2,37175,7582,1734,354
20200630,false,950,194,21,4,38045,7759,870,177
20200701,false,972,198,22,4,38962,7946,917,187
20200702,false,985,201,13,3,40111,8181,1149,234
20200703,false,1006,205,21,4,41865,8538,1754,358
20200704,false,1007,205,1,0,42862,8742,997,203
20200705,false,1007,205,0,0,43953,8964,1091,223
20200706,false,1007,205,0,0,44878,9153,925,189
20200707,false,1033,211,26,5,45785,9338,907,185
20200708,false,1058,216,25,5,46962,9578,1177,240
20200709,false,1068,218,10,2,49174,10029,2212,451
20200710,false,1104,225,36,7,50508,10301,1334,272
20200711,false,1114,227,10,2,51947,10595,1439,293
20200712,false,1121,229,7,1,53587,10929,1640,334
20200713,false,1124,229,3,1,55545,11328,1958,399
20200714,false,1164,237,40,8,57255,11677,1710,349
20200715,false,1211,247,47,10,59067,12047,1812,370
20200716,false,1230,251,19,4,61088,12459,2021,412
20200717,false,1265,258,35,7,63091,12867,2003,409
20200718,false,1286,262,21,4,65234,13304,2143,437
20200719,false,1287,262,1,0,67011,13667,1777,362
20200720,false,1291,263,4,1,68891,14050,1880,383
20200721,false,1303,266,12,2,70358,14349,1467,299
20200722,false,1364,278,61,12,71813,14646,1455,297
20200723,false,1397,285,33,7,74212,15135,2399,489
20200724,false,1438,293,41,8,76005,15501,1793,366
20200725,false,1456,297,18,4,78130,15935,2125,433
20200726,false,1473,300,17,3,79294,16172,1164,237
20200727,false,1491,304,18,4,81115,16543,1821,371
20200728,false,1491,304,0,0,82366,16798,1251,255
20200729,false,1538,314,47,10,83782,17087,1416,289
20200730,false,1565,319,27,6,85762,17491,1980,404
20200731,false,1580,322,15,3,87723,17891,1961,400
20200801,false,1603,327,23,5,89349,18223,1626,332
20200802,false,1627,332,24,5,91444,18650,2095,427
20200803,false,1633,333,6,1,92661,18898,1217,248
20200804,false,1666,340,33,7,93702,19110,1041,212
20200805,false,1695,346,29,6,94654,19305,952,194
20200806,false,1714,350,19,4,96592,19700,1938,395
20200807,false,1735,354,21,4,98301,20048,1709,349
20200808,false,1735,354,0,0,98387,20066,86,18
20200809,false,1768,361,33,7,101334,20667,2947,601
20200810,false,1797,366,29,6,103020,21011,1686,344
20200811,false,1847,377,50,10,103851,21180,831,169
20200812,false,1882,384,35,7,104786,21371,935,191
20200813,false,1890,385,8,2,105557,21528,771,157
20200814,false,1893,386,3,1,106309,21682,752,153
20200815,false,1896,387,3,1,107580,21941,1271,259
20200816,false,1898,387,2,0,108433,22115,853,174
20200817,false,1925,393,27,6,109004,22231,571,116
20200818,false,1936,395,11,2,110361,22508,1357,277
20200819,false,1944,396,8,2,111478,22736,1117,228
20200820,false,1974,403,30,6,112449,22934,971,198
20200821,false,1990,406,16,3,112770,22999,321,65
20200822,false,2011,410,21,4,114532,23359,1762,359
20200823,false,2013,411,2,0,115060,23466,528,108
20200824,false,2024,413,11,2,116710,23803,1650,337
20200825,false,2037,415,13,3,117242,23911,532,109
20200826,false,2045,417,8,2,119254,24322,2012,410
20200827,false,2076,423,31,6,121023,24683,1769,361
20200828,false,2107,430,31,6,122185,24920,1162,237
20200829,false,2152,439,45,9,123889,25267,1704,348
20200830,false,2162,441,10,2,125235,25542,1346,275
20200831,false,2182,445,20,4,126058,25709,823,168
20200901,false,2200,449,18,4,127616,26027,1558,318
20200902,false,2217,452,17,3,128239,26154,623,127
20200903,false,2233,455,16,3,129285,26368,1046,213
20200904,false,2266,462,33,7,130393,26594,1108,226
20200905,false,2275,464,9,2,131803,26881,1410,288
20200906,false,2276,464,1,0,132314,26985,511,104
20200907,false,2276,464,0,0,132973,27120,659,134
20200908,false,2277,464,1,0,133606,27249,633,129
20200909,false,2285,466,8,2,134417,27414,811,165
20200910,false,2301,469,16,3,135565,27648,1148,234
20200911,false,2333,476,32,7,136703,27880,1138,232
20200912,false,2350,479,17,3,137646,28073,943,192
20200913,false,2351,479,1,0,138755,28299,1109,226
20200914,false,2355,480,4,1,139459,28443,704,144
20200915,false,2387,487,32,7,140160,28586,701,143
20200916,false,2392,488,5,1,141087,28775,927,189
20200917,false,2401,490,9,2,141757,28911,670,137
20200918,false,2428,495,27,6,142863,29137,1106,226
20200919,false,2437,497,9,2,144164,29402,1301,265
20200920,false,2437,497,0,0,144962,29565,798,163
20200921,false,2439,497,2,0,145780,29732,818,167
20200922,false,2457,501,18,4,146584,29896,804,164
20200923,false,2488,507,31,6,147153,30012,569,116
20200924,false,2506,511,18,4,148206,30226,1053,215
20200925,false,2491,508,-15,-3,150658,30727,2452,500
20200926,false,2501,510,10,2,151591,30917,933,190
20200927,false,2501,510,0,0,152321,31066,730,149
20200928,false,2501,510,0,0,152983,31201,662,135
20200929,false,2517,513,16,3,153554,31317,571,116
20200930,false,2540,518,23,5,154701,31551,1147,234
20201001,false,2548,520,8,2,155744,31764,1043,213
20201002,false,2550,520,2,0,156698,31958,954,195
20201003,false,2558,522,8,2,158380,32301,1682,343
20201004,false,2558,522,0,0,159169,32462,789,161
20201005,false,2559,522,1,0,159713,32573,544,111
20201006,false,2580,526,21,4,160477,32729,764,156
20201007,false,2601,530,21,4,161418,32921,941,192
20201008,false,2637,538,36,7,161975,33035,557,114
20201009,false,2653,541,16,3,163465,33339,1490,304
20201010,false,2664,543,11,2,164526,33555,1061,216
20201011,false,2664,543,0,0,165342,33721,816,166
20201012,false,2665,544,1,0,166076,33871,734,150
20201013,false,2665,544,0,0,167193,34099,1117,228
20201014,false,2706,552,41,8,167977,34259,784,160
20201015,false,2756,562,50,10,169162,34500,1185,242
20201016,false,2786,568,30,6,170374,34748,1212,247
20201017,false,2788,569,2,0,171662,35010,1288,263
20201018,false,2788,569,0,0,172626,35207,964,197
20201019,false,2789,569,1,0,173485,35382,859,175
20201020,false,2805,572,16,3,174528,35595,1043,213
20201021,false,2805,572,0,0,174528,35595,0,0
20201022,false,2843,580,38,8,177064,36112,2536,517
20201023,false,2859,583,16,3,180916,36898,3852,786
20201024,false,2866,585,7,1,183276,37379,2360,481
20201025,false,2866,585,0,0,184355,37599,1079,220
20201026,false,2866,585,0,0,185322,37796,967,197
20201027,false,2892,590,26,5,186437,38024,1115,227
20201028,false,2911,594,19,4,187706,38282,1269,259
20201029,false,2914,594,3,1,189149,38577,1443,294
20201030,false,2932,598,18,4,190496,38851,1347,275
20201031,false,2967,605,35,7,192285,39216,1789,365
20201101,false,2973,606,6,1,193985,39563,1700,347
20201102,false,2973,606,0,0,194892,39748,907,185
20201103,false,2987,609,14,3,195929,39960,1037,211
20201104,false,3006,613,19,4,197777,40336,1848,377
20201105,false,3026,617,20,4,199158,40618,1381,282
20201106,false,3049,622,23,5,200714,40935,1556,317
20201107,false,3082,629,33,7,202482,41296,1768,361
20201108,false,3084,629,2,0,203687,41542,1205,246
20201109,false,3084,629,0,0,204857,41780,1170,239
20201110,false,3120,636,36,7,206567,42129,1710,349
20201111,true,3136,640,16,3,208005,42422,1438,293
20201112,true,3152,643,16,3,209443,42716,1438,293
20201113,true,3168,646,16,3,210881,43009,1438,293
20201114,true,3184,649,16,3,212319,43302,1438,293
20201115,true,3200,653,16,3,213757,43596,1438,293
20201116,true,3216,656,16,3,215195,43889,1438,293
20201117,true,3232,659,16,3,216633,44182,1438,293
20201118,true,3248,662,16,3,218071,44475,1438,293
20201119,true,3264,666,16,3,219509,44769,1438,293
20201120,true,3280,669,16,3,220947,45062,1438,293
20201121,true,3296,672,16,3,222385,45355,1438,293
20201122,true,3312,675,16,3,223823,45648,1438,293
20201123,true,3328,679,16,3,225261,45942,1438,293
20201124,true,3344,682,16,3,226699,46235,1438,293
20201125,true,3360,685,16,3,228137,46528,1438,293
20201126,true,3376,689,16,3,229575,46822,1438,293
20201127,true,3392,692,16,3,231013,47115,1438,293
20201128,true,3408,695,16,3,232451,47408,1438,293
20201129,true,3424,698,16,3,233889,47701,1438,293
20201130,true,3440,702,16,3,235327,47995,1438,293
20201201,true,3456,705,16,3,236765,48288,1438,293