date,projected,deaths,deathsPerMillion,deathIncrease,deathIncreasePerMillion,positive,positivePerMillion,positiveIncrease,positiveIncreasePerMillion
20200306,false,0,0,0,0,0,0,0,0
20200307,false,0,0,0,0,0,0,0,0
20200308,false,0,0,0,0,0,0,0,0
20200309,false,0,0,0,0,0,0,0,0
20200310,false,0,0,0,0,0,0,0,0
20200311,false,0,0,0,0,0,0,0,0
20200312,false,0,0,0,0,6,2,6,2
20200313,false,0,0,0,0,9,3,3,1
20200314,false,0,0,0,0,12,4,3,1
20200315,false,0,0,0,0,16,5,4,1
20200316,false,0,0,0,0,22,7,6,2
20200317,false,0,0,0,0,22,7,0,0
20200318,false,0,0,0,0,33,11,11,4
20200319,false,0,0,0,0,46,15,13,4
20200320,false,0,0,0,0,96,32,50,17
20200321,false,0,0,0,0,118,39,22,7
20200322,false,0,0,0,0,165,55,47,16
20200323,false,0,0,0,0,174,58,9,3
20200324,false,0,0,0,0,218,72,44,15
20200325,false,2,1,2,1,280,93,62,21
20200326,false,3,1,1,0,335,111,55,18
20200327,false,3,1,0,0,381,126,46,15
20200328,false,5,2,2,1,404,134,23,8
20200329,false,6,2,1,0,426,141,22,7
20200330,false,7,2,1,0,473,157,47,16
20200331,false,8,3,1,0,523,173,50,17
20200401,false,10,3,2,1,584,194,61,20
20200402,false,12,4,2,1,643,213,59,20
20200403,false,12,4,0,0,704,233,61,20
20200404,false,14,5,2,1,743,246,39,13
20200405,false,16,5,2,1,830,275,87,29
20200406,false,16,5,0,0,875,290,45,15
20200407,false,16,5,0,0,946,313,71,24
20200408,false,18,6,2,1,1000,331,54,18
20200409,false,21,7,3,1,1119,371,119,39
20200410,false,23,8,2,1,1171,388,52,17
20200411,false,24,8,1,0,1226,406,55,18
20200412,false,27,9,3,1,1280,424,54,18
20200413,false,30,10,3,1,1410,467,130,43
20200414,false,30,10,0,0,1480,490,70,23
20200415,false,33,11,3,1,1569,520,89,29
20200416,false,37,12,4,1,1620,537,51,17
20200417,false,37,12,0,0,1695,562,75,25
20200418,false,38,13,1,0,1739,576,44,15
20200419,false,40,13,2,1,1781,590,42,14
20200420,false,42,14,2,1,1923,637,142,47
20200421,false,43,14,1,0,2227,738,304,101
20200422,false,42,14,-1,0,2276,754,49,16
20200423,false,45,15,3,1,2465,817,189,63
20200424,false,45,15,0,0,2741,908,276,91
20200425,false,47,16,2,1,2829,937,88,29
20200426,false,49,16,2,1,2941,975,112,37
20200427,false,50,17,1,0,3017,1000,76,25
20200428,false,52,17,2,1,3111,1031,94,31
20200429,false,59,20,7,2,3192,1058,81,27
20200430,false,61,20,2,1,3255,1079,63,21
20200501,false,64,21,3,1,3321,1100,66,22
20200502,false,73,24,9,3,3372,1117,51,17
20200503,false,76,25,3,1,3431,1137,59,20
20200504,false,81,27,5,2,3458,1146,27,9
20200505,false,83,28,2,1,3496,1158,38,13
20200506,false,85,28,2,1,3568,1182,72,24
20200507,false,87,29,2,1,3611,1197,43,14
20200508,false,88,29,1,0,3694,1224,83,28
20200509,false,88,29,0,0,3747,1242,53,18
20200510,false,88,29,0,0,3747,1242,0,0
20200511,false,94,31,6,2,4034,1337,287,95
20200512,false,95,31,1,0,4164,1380,130,43
20200513,false,95,31,0,0,4164,1380,0,0
20200514,false,97,32,2,1,4236,1404,72,24
20200515,false,98,32,1,0,4463,1479,227,75
20200516,false,98,32,0,0,4578,1517,115,38
20200517,false,98,32,0,0,4759,1577,181,60
20200518,false,100,33,2,1,4813,1595,54,18
20200519,false,102,34,2,1,4923,1631,110,36
20200520,false,107,35,5,2,5003,1658,80,27
20200521,false,110,36,3,1,5458,1809,455,151
20200522,false,113,37,3,1,5612,1860,154,51
20200523,false,113,37,0,0,5612,1860,0,0
20200524,false,116,38,3,1,5922,1962,310,103
20200525,false,117,39,1,0,6029,1998,107,35
20200526,false,119,39,2,1,6180,2048,151,50
20200527,false,120,40,1,0,6277,2080,97,32
20200528,false,120,40,0,0,6538,2166,261,86
20200529,false,125,41,5,2,6538,2166,0,0
20200530,false,133,44,8,3,7013,2324,475,157
20200531,false,133,44,0,0,7253,2403,240,80
20200601,false,133,44,0,0,7443,2466,190,63
20200602,false,133,44,0,0,7443,2466,0,0
20200603,false,142,47,9,3,8067,2673,624,207
20200604,false,142,47,0,0,8067,2673,0,0
20200605,false,152,50,10,3,8651,2867,584,194
20200606,false,154,51,2,1,9101,3016,450,149
20200607,false,154,51,0,0,9426,3123,325,108
20200608,false,155,51,1,0,9740,3227,314,104
20200609,false,161,53,6,2,10080,3340,340,113
20200610,false,165,55,4,1,10368,3436,288,95
20200611,false,171,57,6,2,10816,3584,448,148
20200612,false,176,58,5,2,11547,3826,731,242
20200613,false,176,58,0,0,11547,3826,0,0
20200614,false,179,59,3,1,12501,4142,954,316
20200615,false,182,60,3,1,12917,4280,416,138
20200616,false,182,60,0,0,13191,4371,274,91
20200617,false,197,65,15,5,13606,4509,415,138
20200618,false,208,69,11,4,13928,4615,322,107
20200619,false,214,71,6,2,14631,4848,703,233
20200620,false,224,74,10,3,15142,5018,511,169
20200621,false,224,74,0,0,15142,5018,0,0
20200622,false,227,75,3,1,16083,5329,941,312
20200623,false,237,79,10,3,16678,5526,595,197
20200624,false,240,80,3,1,17375,5757,697,231
20200625,false,240,80,0,0,18062,5985,687,228
20200626,false,240,80,0,0,18062,5985,0,0
20200627,false,249,83,9,3,18740,6210,678,225
20200628,false,259,86,10,3,19310,6399,570,189
20200629,false,265,88,6,2,20257,6712,947,314
20200630,false,270,89,5,2,20777,6885,520,172
20200701,false,277,92,7,2,21197,7024,420,139
20200702,false,279,92,2,1,22075,7315,878,291
20200703,false,281,93,2,1,22622,7496,547,181
20200704,false,286,95,5,2,23209,7691,587,195
20200705,false,286,95,0,0,23209,7691,0,0
20200706,false,292,97,6,2,24253,8037,1044,346
20200707,false,292,97,0,0,24512,8122,259,86
20200708,false,301,100,9,3,24512,8122,0,0
20200709,false,309,102,8,3,26052,8633,1540,510
20200710,false,313,104,4,1,26803,8882,751,249
20200711,false,313,104,0,0,26803,8882,0,0
20200712,false,321,106,8,3,28367,9400,1564,518
20200713,false,323,107,2,1,28939,9589,572,190
20200714,false,331,110,8,3,29733,9852,794,263
20200715,false,335,111,4,1,30297,10039,564,187
20200716,false,341,113,6,2,31114,10310,817,271
20200717,false,353,117,12,4,31762,10525,648,215
20200718,false,353,117,0,0,31762,10525,0,0
20200719,false,357,118,4,1,32533,10780,771,255
20200720,false,357,118,0,0,33927,11242,1394,462
20200721,false,374,124,17,6,34655,11483,728,241
20200722,false,380,126,6,2,35246,11679,591,196
20200723,false,386,128,6,2,36259,12015,1013,336
20200724,false,394,131,8,3,37249,12343,990,328
20200725,false,394,131,0,0,37249,12343,0,0
20200726,false,401,133,7,2,38623,12798,1374,455
20200727,false,408,135,7,2,39447,13071,824,273
20200728,false,428,142,20,7,40181,13315,734,243
20200729,false,434,144,6,2,40968,13575,787,261
20200730,false,442,146,8,3,41759,13837,791,262
20200731,false,453,150,11,4,42511,14087,752,249
20200801,false,460,152,7,2,43173,14306,662,219
20200802,false,458,152,-2,-1,43173,14306,0,0
20200803,false,475,157,17,6,44597,14778,1424,472
20200804,false,490,162,15,5,45381,15038,784,260
20200805,false,508,168,18,6,46293,15340,912,302
20200806,false,515,171,7,2,47028,15583,735,244
20200807,false,521,173,6,2,48039,15918,1011,335
20200808,false,521,173,0,0,48039,15918,0,0
20200809,false,544,180,23,8,49383,16364,1344,445
20200810,false,555,184,11,4,50028,16578,645,214
20200811,false,566,188,11,4,50411,16704,383,127
20200812,false,566,188,0,0,51114,16937,703,233
20200813,false,582,193,16,5,51766,17153,652,216
20200814,false,587,195,5,2,52392,17361,626,207
20200815,false,600,199,13,4,51992,17228,-400,-133
20200816,false,599,198,-1,0,52665,17451,673,223
20200817,false,603,200,4,1,53077,17588,412,137
20200818,false,619,205,16,5,53487,17724,410,136
20200819,false,631,209,12,4,54216,17965,729,242
20200820,false,641,212,10,3,54765,18147,549,182
20200821,false,663,220,22,7,55652,18441,887,294
20200822,false,674,223,11,4,56199,18622,547,181
20200823,false,687,228,13,4,56574,18747,375,124
20200824,false,696,231,9,3,56894,18853,320,106
20200825,false,711,236,15,5,57374,19012,480,159
20200826,false,732,243,21,7,58023,19227,649,215
20200827,false,739,245,7,2,58745,19466,722,239
20200828,false,756,251,17,6,59583,19744,838,278
20200829,false,772,256,16,5,60378,20007,795,263
20200830,false,784,260,12,4,60856,20166,478,158
20200831,false,797,264,13,4,61224,20287,368,122
20200901,false,814,270,17,6,61497,20378,273,90
20200902,false,841,279,27,9,62112,20582,615,204
20200903,false,861,285,20,7,63504,21043,1392,461
20200904,false,873,289,12,4,64678,21432,1174,389
20200905,false,882,292,9,3,65226,21614,548,182
20200906,false,894,296,12,4,65226,21614,0,0
20200907,false,908,301,14,5,66280,21963,1054,349
20200908,false,917,304,9,3,66757,22121,477,158
20200909,false,928,308,11,4,67255,22286,498,165
20200910,false,940,311,12,4,67803,22468,548,182
20200911,false,953,316,13,4,68983,22859,1180,391
20200912,false,969,321,16,5,69710,23099,727,241
20200913,false,981,325,12,4,70219,23268,509,169
20200914,false,992,329,11,4,70627,23403,408,135
20200915,false,1010,335,18,6,71357,23645,730,242
20200916,false,1157,383,147,49,72219,23931,862,286
20200917,false,1166,386,9,3,73211,24260,992,329
20200918,false,1173,389,7,2,74082,24548,871,289
20200919,false,1173,389,0,0,75160,24905,1078,357
20200920,false,1181,391,8,3,75723,25092,563,187
20200921,false,1197,397,16,5,76364,25304,641,212
20200922,false,1209,401,12,4,76981,25509,617,204
20200923,false,1229,407,20,7,77963,25834,982,325
20200924,false,1246,413,17,6,79049,26194,1086,360
20200925,false,1266,420,20,7,79946,26491,897,297
20200926,false,1285,426,19,6,80755,26759,809,268
20200927,false,1308,433,23,8,81242,26921,487,161
20200928,false,1329,440,21,7,82049,27188,807,267
20200929,false,1350,447,21,7,82755,27422,706,234
20200930,false,1369,454,19,6,83697,27734,942,312
20201001,false,1384,459,15,5,84821,28107,1124,372
20201002,false,1391,461,7,2,85779,28424,958,317
20201003,false,1407,466,16,5,86525,28671,746,247
20201004,false,1425,472,18,6,87013,28833,488,162
20201005,false,1447,479,22,7,87430,28971,417,138
20201006,false,1447,479,0,0,88071,29184,641,212
20201007,false,1482,491,35,12,88880,29452,809,268
20201008,false,1503,498,21,7,90145,29871,1265,419
20201009,false,1503,498,0,0,90145,29871,0,0
20201010,false,1552,514,49,16,92220,30558,2075,688
20201011,false,1569,520,17,6,92833,30762,613,203
20201012,false,1586,526,17,6,93487,30978,654,217
20201013,false,1611,534,25,8,94167,31204,680,225
20201014,false,1634,541,23,8,95246,31561,1079,358
20201015,false,1645,545,11,4,96524,31985,1278,423
20201016,false,1665,552,20,7,97539,32321,1015,336
20201017,false,1684,558,19,6,98422,32614,883,293
20201018,false,1704,565,20,7,99066,32827,644,213
20201019,false,1714,568,10,3,99597,33003,531,176
20201020,false,1728,573,14,5,100441,33283,844,280
20201021,false,1751,580,23,8,101596,33665,1155,383
20201022,false,1772,587,21,7,102798,34064,1202,398
20201023,false,1782,590,10,3,104135,34507,1337,443
20201024,false,1797,595,15,5,105318,34899,1183,392
20201025,false,1812,600,15,5,106115,35163,797,264
20201026,false,1833,607,21,7,106727,35366,612,203
20201027,false,1857,615,24,8,107679,35681,952,315
20201028,false,1875,621,18,6,108640,35999,961,318
20201029,false,1894,628,19,6,109712,36355,1072,355
20201030,false,1900,630,6,2,110874,36740,1162,385
20201031,false,1925,638,25,8,112190,37176,1316,436
20201101,false,1925,638,0,0,112190,37176,0,0
20201102,false,1985,658,60,20,113641,37657,1451,481
20201103,false,2003,664,18,6,114519,37948,878,291
20201104,false,2026,671,23,8,115812,38376,1293,428
20201105,false,2037,675,11,4,117360,38889,1548,513
20201106,false,2056,681,19,6,119230,39509,1870,620
20201107,false,2068,685,12,4,120828,40038,1598,530
20201108,false,2085,691,17,6,121866,40382,1038,344
20201109,false,2108,699,23,8,122811,40695,945,313
20201110,false,2112,700,4,1,124235,41167,1424,472
20201111,true,2130,706,18,6,125418,41559,1183,392
20201112,true,2148,712,18,6,126601,41951,1183,392
20201113,true,2166,718,18,6,127784,42343,1183,392
20201114,true,2184,724,18,6,128967,42735,1183,392
20201115,true,2202,730,18,6,130150,43127,1183,392
20201116,true,2220,736,18,6,131333,43519,1183,392
20201117,true,2238,742,18,6,132516,43911,1183,392
20201118,true,2256,748,18,6,133699,44303,1183,392
20201119,true,2274,754,18,6,134882,44695,1183,392
20201120,true,2292,759,18,6,136065,45087,1183,392
20201121,true,2310,765,18,6,137248,45479,1183,392
20201122,true,2328,771,18,6,138431,45871,1183,392
20201123,true,2346,777,18,6,139614,46263,1183,392
20201124,true,2364,783,18,6,140797,46655,1183,392
20201125,true,2382,789,18,6,141980,47047,1183,392
20201126,true,2400,795,18,6,143163,47439,1183,392
20201127,true,2418,801,18,6,144346,47831,1183,392
20201128,true,2436,807,18,6,145529,48223,1183,392
20201129,true,2454,813,18,6,146712,48615,1183,392
20201130,true,2472,819,18,6,147895,49007,1183,392
20201201,true,2490,825,18,6,149078,49399,1183,392