date,projected,deaths,deathsPerMillion,deathIncrease,deathIncreasePerMillion,positive,positivePerMillion,positiveIncrease,positiveIncreasePerMillion
20200304,false,0,0,0,0,53,1,0,0
20200305,false,0,0,0,0,53,1,0,0
20200306,false,0,0,0,0,60,2,7,0
20200307,false,0,0,0,0,69,2,9,0
20200308,false,0,0,0,0,88,2,19,0
20200309,false,0,0,0,0,114,3,26,1
20200310,false,0,0,0,0,133,3,19,0
20200311,false,0,0,0,0,157,4,24,1
20200312,false,4,0,4,0,202,5,45,1
20200313,false,4,0,0,0,202,5,0,0
20200314,false,5,0,1,0,252,6,50,1
20200315,false,5,0,0,0,293,7,41,1
20200316,false,6,0,1,0,335,8,42,1
20200317,false,11,0,5,0,483,12,148,4
20200318,false,13,0,2,0,611,15,128,3
20200319,false,18,0,5,0,924,23,313,8
20200320,false,20,1,2,0,1063,27,139,4
20200321,false,24,1,4,0,1279,32,216,5
20200322,false,27,1,3,0,1536,39,257,7
20200323,false,27,1,0,0,1733,44,197,5
20200324,false,40,1,13,0,2102,53,369,9
20200325,false,53,1,13,0,2355,60,253,6
20200326,false,65,2,12,0,3006,76,651,16
20200327,false,78,2,13,0,3879,98,873,22
20200328,false,101,3,23,1,4643,118,764,19
20200329,false,123,3,22,1,5708,144,1065,27
20200330,false,133,3,10,0,6447,163,739,19
20200331,false,153,4,20,1,7482,189,1035,26
20200401,false,171,4,18,0,8155,206,673,17
20200402,false,203,5,32,1,9191,233,1036,26
20200403,false,237,6,34,1,10701,271,1510,38
20200404,false,276,7,39,1,12026,304,1325,34
20200405,false,319,8,43,1,13438,340,1412,36
20200406,false,343,9,24,1,14336,363,898,23
20200407,false,374,9,31,1,15865,402,1529,39
20200408,false,442,11,68,2,16957,429,1092,28
20200409,false,492,12,50,1,18309,463,1352,34
20200410,false,541,14,49,1,19472,493,1163,29
20200411,false,609,15,68,2,20615,522,1143,29
20200412,false,651,16,42,1,21794,552,1179,30
20200413,false,687,17,36,1,22348,566,554,14
20200414,false,758,19,71,2,23338,591,990,25
20200415,false,821,21,63,2,24424,618,1086,27
20200416,false,890,23,69,2,26182,663,1758,44
20200417,false,985,25,95,2,27528,697,1346,34
20200418,false,1072,27,87,2,28963,733,1435,36
20200419,false,1166,30,94,2,30333,768,1370,35
20200420,false,1208,31,42,1,30978,784,645,16
20200421,false,1268,32,60,2,33261,842,2283,58
20200422,false,1354,34,86,2,35396,896,2135,54
20200423,false,1469,37,115,3,37369,946,1973,50
20200424,false,1562,40,93,2,39254,993,1885,48
20200425,false,1651,42,89,2,41137,1041,1883,48
20200426,false,1710,43,59,1,42164,1067,1027,26
20200427,false,1755,44,45,1,43464,1100,1300,33
20200428,false,1809,46,54,1,45031,1140,1567,40
20200429,false,1887,48,78,2,46500,1177,1469,37
20200430,false,1982,50,95,2,48917,1238,2417,61
20200501,false,2073,52,91,2,50442,1277,1525,39
20200502,false,2171,55,98,2,52197,1321,1755,44
20200503,false,2215,56,44,1,53616,1357,1419,36
20200504,false,2254,57,39,1,54937,1390,1321,33
20200505,false,2317,59,63,2,56212,1423,1275,32
20200506,false,2412,61,95,2,58815,1489,2603,66
20200507,false,2504,63,92,2,60614,1534,1799,46
20200508,false,2585,65,81,2,62512,1582,1898,48
20200509,false,2678,68,93,2,64561,1634,2049,52
20200510,false,2745,69,67,2,66680,1688,2119,54
20200511,false,2770,70,25,1,67939,1719,1259,32
20200512,false,2847,72,77,2,69382,1756,1443,37
20200513,false,2934,74,87,2,71141,1800,1759,45
20200514,false,3032,77,98,2,73164,1852,2023,51
20200515,false,3108,79,76,2,74936,1897,1772,45
20200516,false,3204,81,96,2,76793,1944,1857,47
20200517,false,3261,83,57,1,78839,1995,2046,52
20200518,false,3302,84,41,1,80430,2036,1591,40
20200519,false,3334,84,32,1,81795,2070,1365,35
20200520,false,3436,87,102,3,84057,2127,2262,57
20200521,false,3542,90,106,3,86197,2182,2140,54
20200522,false,3630,92,88,2,88444,2238,2247,57
20200523,false,3708,94,78,2,90631,2294,2187,55
20200524,false,3774,96,66,2,92710,2346,2079,53
20200525,false,3795,96,21,1,94558,2393,1848,47
20200526,false,3814,97,19,0,96733,2448,2175,55
20200527,false,3884,98,70,2,98980,2505,2247,57
20200528,false,3973,101,89,2,101697,2574,2717,69
20200529,false,4068,103,95,2,103886,2629,2189,55
20200530,false,4156,105,88,2,106878,2705,2992,76
20200531,false,4213,107,57,1,110583,2799,3705,94
20200601,false,4251,108,38,1,113006,2860,2423,61
20200602,false,4286,108,35,1,115310,2918,2304,58
20200603,false,4361,110,75,2,117687,2978,2377,60
20200604,false,4422,112,61,2,119807,3032,2120,54
20200605,false,4485,114,63,2,122901,3110,3094,78
20200606,false,4559,115,74,2,126016,3189,3115,79
20200607,false,4626,117,67,2,128812,3260,2796,71
20200608,false,4653,118,27,1,131319,3324,2507,63
20200609,false,4697,119,44,1,133489,3378,2170,55
20200610,false,4776,121,79,2,136191,3447,2702,68
20200611,false,4881,124,105,3,139281,3525,3090,78
20200612,false,4943,125,62,2,141983,3593,2702,68
20200613,false,4989,126,46,1,145643,3686,3660,93
20200614,false,5063,128,74,2,148855,3767,3212,81
20200615,false,5089,129,26,1,151452,3833,2597,66
20200616,false,5121,130,32,1,153560,3886,2108,53
20200617,false,5208,132,87,2,157015,3974,3455,87
20200618,false,5290,134,82,2,161099,4077,4084,103
20200619,false,5360,136,70,2,165416,4186,4317,109
20200620,false,5424,137,64,2,169309,4285,3893,99
20200621,false,5495,139,71,2,173824,4399,4515,114
20200622,false,5515,140,20,1,178054,4506,4230,107
20200623,false,5580,141,65,2,183073,4633,5019,127
20200624,false,5632,143,52,1,190222,4814,7149,181
20200625,false,5733,145,101,3,195571,4950,5349,135
20200626,false,5812,147,79,2,200461,5073,4890,124
20200627,false,5872,149,60,2,206433,5225,5972,151
20200628,false,5905,149,33,1,211243,5346,4810,122
20200629,false,5936,150,31,1,219252,5549,8009,203
20200630,false,5980,151,44,1,228732,5789,9480,240
20200701,false,6090,154,110,3,236139,5976,7407,187
20200702,false,6163,156,73,2,242547,6139,6408,162
20200703,false,6263,159,100,3,248235,6282,5688,144
20200704,false,6313,160,50,1,257388,6514,9153,232
20200705,false,6331,160,18,0,265985,6732,8597,218
20200706,false,6337,160,6,0,271684,6876,5699,144
20200707,false,6448,163,111,3,277774,7030,6090,154
20200708,false,6562,166,114,3,289468,7326,11694,296
20200709,false,6711,170,149,4,296499,7504,7031,178
20200710,false,6851,173,140,4,304297,7701,7798,197
20200711,false,6945,176,94,2,312344,7905,8047,204
20200712,false,7017,178,72,2,320804,8119,8460,214
20200713,false,7040,178,23,1,329162,8331,8358,212
20200714,false,7087,179,47,1,336508,8517,7346,186
20200715,false,7227,183,140,4,347634,8798,11126,282
20200716,false,7345,186,118,3,356178,9014,8544,216
20200717,false,7475,189,130,3,366164,9267,9986,253
20200718,false,7595,192,120,3,375363,9500,9199,233
20200719,false,7685,194,90,2,384692,9736,9329,236
20200720,false,7694,195,9,0,391538,9909,6846,173
20200721,false,7755,196,61,2,400769,10143,9231,234
20200722,false,7870,199,115,3,413576,10467,12807,324
20200723,false,8027,203,157,4,425616,10772,12040,305
20200724,false,8186,207,159,4,435334,11018,9718,246
20200725,false,8337,211,151,4,445400,11272,10066,255
20200726,false,8416,213,79,2,453659,11481,8259,209
20200727,false,8445,214,29,1,460550,11656,6891,174
20200728,false,8518,216,73,2,466550,11808,6000,152
20200729,false,8715,221,197,5,475305,12029,8755,222
20200730,false,8909,225,194,5,485502,12287,10197,258
20200731,false,9005,228,96,2,493588,12492,8086,205
20200801,false,9224,233,219,6,500130,12658,6542,166
20200802,false,9356,237,132,3,509162,12886,9032,229
20200803,false,9388,238,32,1,514901,13031,5739,145
20200804,false,9501,240,113,3,519427,13146,4526,115
20200805,false,9703,246,202,5,524722,13280,5295,134
20200806,false,9869,250,166,4,529980,13413,5258,133
20200807,false,10011,253,142,4,538416,13627,8436,214
20200808,false,10189,258,178,5,545787,13813,7371,187
20200809,false,10293,261,104,3,554160,14025,8373,212
20200810,false,10359,262,66,2,561911,14221,7751,196
20200811,false,10468,265,109,3,574411,14538,12500,316
20200812,false,10648,269,180,5,586056,14832,11645,295
20200813,false,10808,274,160,4,593141,15012,7085,179
20200814,false,10996,278,188,5,601075,15212,7934,201
20200815,false,11147,282,151,4,613689,15532,12614,319
20200816,false,11224,284,77,2,621562,15731,7873,199
20200817,false,11242,285,18,0,628031,15895,6469,164
20200818,false,11342,287,100,3,632667,16012,4636,117
20200819,false,11523,292,181,5,638831,16168,6164,156
20200820,false,11686,296,163,4,644751,16318,5920,150
20200821,false,11821,299,135,3,650336,16459,5585,141
20200822,false,11988,303,167,4,656892,16625,6556,166
20200823,false,12134,307,146,4,663669,16797,6777,172
20200824,false,12152,308,18,0,668615,16922,4946,125
20200825,false,12257,310,105,3,673095,17035,4480,113
20200826,false,12407,314,150,4,679099,17187,6004,152
20200827,false,12550,318,143,4,683529,17299,4430,112
20200828,false,12690,321,140,4,688858,17434,5329,135
20200829,false,12834,325,144,4,693839,17560,4981,126
20200830,false,12905,327,71,2,699909,17714,6070,154
20200831,false,12933,327,28,1,704085,17819,4176,106
20200901,false,13018,329,85,2,707797,17913,3712,94
20200902,false,13163,333,145,4,712052,18021,4255,108
20200903,false,13327,337,164,4,717177,18151,5125,130
20200904,false,13490,341,163,4,722283,18280,5106,129
20200905,false,13643,345,153,4,727239,18405,4956,125
20200906,false,13709,347,66,2,732144,18530,4905,124
20200907,false,13726,347,17,0,735235,18608,3091,78
20200908,false,13758,348,32,1,737911,18676,2676,68
20200909,false,13841,350,83,2,739527,18716,1616,41
20200910,false,13978,354,137,3,742865,18801,3338,84
20200911,false,14089,357,111,3,746191,18885,3326,84
20200912,false,14251,361,162,4,750298,18989,4107,104
20200913,false,14329,363,78,2,754923,19106,4625,117
20200914,false,14385,364,56,1,757778,19178,2855,72
20200915,false,14451,366,66,2,760013,19235,2235,57
20200916,false,14615,370,164,4,762963,19310,2950,75
20200917,false,14721,373,106,3,766201,19391,3238,82
20200918,false,14812,375,91,2,769831,19483,3630,92
20200919,false,14912,377,100,3,774135,19592,4304,109
20200920,false,14987,379,75,2,778400,19700,4265,108
20200921,false,15018,380,31,1,781694,19784,3294,83
20200922,false,15071,381,53,1,784324,19850,2630,67
20200923,false,15204,385,133,3,787470,19930,3146,80
20200924,false,15314,388,110,3,790640,20010,3170,80
20200925,false,15398,390,84,2,794040,20096,3400,86
20200926,false,15532,393,134,3,798237,20202,4197,106
20200927,false,15587,394,55,1,802308,20305,4071,103
20200928,false,15608,395,21,1,805263,20380,2955,75
20200929,false,15640,396,32,1,807425,20435,2162,55
20200930,false,15792,400,152,4,810625,20516,3200,81
20201001,false,15888,402,96,2,813687,20593,3062,77
20201002,false,15986,405,98,2,817277,20684,3590,91
20201003,false,16074,407,88,2,819436,20739,2159,55
20201004,false,16120,408,46,1,823729,20847,4293,109
20201005,false,16149,409,29,1,826784,20925,3055,77
20201006,false,16177,409,28,1,828461,20967,1677,42
20201007,false,16228,411,51,1,831225,21037,2764,70
20201008,false,16361,414,133,3,834800,21128,3575,90
20201009,false,16428,416,67,2,838606,21224,3806,96
20201010,false,16500,418,72,2,842776,21330,4170,106
20201011,false,16564,419,64,2,846579,21426,3803,96
20201012,false,16572,419,8,0,850028,21513,3449,87
20201013,false,16581,420,9,0,852406,21573,2378,60
20201014,false,16639,421,58,1,855072,21641,2666,67
20201015,false,16757,424,118,3,858401,21725,3329,84
20201016,false,16830,426,73,2,861476,21803,3075,78
20201017,false,16899,428,69,2,864455,21878,2979,75
20201018,false,16943,429,44,1,867317,21951,2862,72
20201019,false,16970,429,27,1,870791,22039,3474,88
20201020,false,16992,430,22,1,874077,22122,3286,83
20201021,false,17027,431,35,1,877784,22216,3707,94
20201022,false,17189,435,162,4,880724,22290,2940,74
20201023,false,17262,437,73,2,886865,22445,6141,155
20201024,false,17311,438,49,1,892810,22596,5945,150
20201025,false,17345,439,34,1,898029,22728,5219,132
20201026,false,17357,439,12,0,901010,22803,2981,75
20201027,false,17400,440,43,1,904198,22884,3188,81
20201028,false,17475,442,75,2,908713,22998,4515,114
20201029,false,17541,444,66,2,912904,23104,4191,106
20201030,false,17571,445,30,1,916918,23206,4014,102
20201031,false,17626,446,55,1,922005,23335,5087,129
20201101,false,17667,447,41,1,926534,23449,4529,115
20201102,false,17672,447,5,0,930628,23553,4094,104
20201103,false,17686,448,14,0,934672,23655,4044,102
20201104,false,17752,449,66,2,940010,23790,5338,135
20201105,false,17815,451,63,2,944576,23906,4566,116
20201106,false,17866,452,51,1,951094,24071,6518,165
20201107,false,17939,454,73,2,956957,24219,5863,148
20201108,false,17963,455,24,1,964639,24414,7682,194
20201109,false,17977,455,14,0,971851,24596,7212,183
20201110,false,18001,456,24,1,977218,24732,5367,136
20201111,true,18026,456,25,1,982831,24874,5613,142
20201112,true,18051,457,25,1,988702,25023,5871,149
20201113,true,18077,457,26,1,994843,25178,6141,155
20201114,true,18103,458,26,1,1001265,25341,6422,163
20201115,true,18130,459,27,1,1007983,25511,6717,170
20201116,true,18158,460,28,1,1015008,25688,7026,178
20201117,true,18186,460,28,1,1022356,25874,7348,186
20201118,true,18216,461,29,1,1030042,26069,7685,195
20201119,true,18245,462,30,1,1038080,26272,8038,203
20201120,true,18276,463,31,1,1046487,26485,8407,213
20201121,true,18307,463,31,1,1055280,26708,8793,223
20201122,true,18340,464,32,1,1064477,26940,9197,233
20201123,true,18373,465,33,1,1074096,27184,9619,243
20201124,true,18406,466,34,1,1084156,27439,10060,255
20201125,true,18441,467,35,1,1094679,27705,10522,266
20201126,true,18476,468,35,1,1105684,27983,11005,279
20201127,true,18513,469,36,1,1117194,28275,11510,291
20201128,true,18550,469,37,1,1129233,28579,12039,305
20201129,true,18588,470,38,1,1141825,28898,12591,319
20201130,true,18627,471,39,1,1154994,29231,13169,333
20201201,true,18667,472,40,1,1168768,29580,13774,349
