date,projected,deaths,deathsPerMillion,deathIncrease,deathIncreasePerMillion,positive,positivePerMillion,positiveIncrease,positiveIncreasePerMillion
20200305,false,0,0,0,0,2,0,0,0
20200306,false,0,0,0,0,2,0,0,0
20200307,false,0,0,0,0,8,1,6,1
20200308,false,0,0,0,0,8,1,0,0
20200309,false,0,0,0,0,9,2,1,0
20200310,false,0,0,0,0,12,2,3,1
20200311,false,0,0,0,0,28,5,16,3
20200312,false,0,0,0,0,45,8,17,3
20200313,false,0,0,0,0,72,13,27,5
20200314,false,1,0,1,0,101,18,29,5
20200315,false,1,0,0,0,131,23,30,5
20200316,false,1,0,0,0,131,23,0,0
20200317,false,1,0,0,0,160,28,29,5
20200318,false,2,0,1,0,183,32,23,4
20200319,false,2,0,0,0,216,38,33,6
20200320,false,3,1,1,0,277,48,61,11
20200321,false,4,1,1,0,363,63,86,15
20200322,false,5,1,1,0,475,82,112,19
20200323,false,6,1,1,0,591,103,116,20
20200324,false,7,1,1,0,720,125,129,22
20200325,false,11,2,4,1,912,158,192,33
20200326,false,19,3,8,1,1086,189,174,30
20200327,false,24,4,5,1,1430,248,344,60
20200328,false,31,5,7,1,1734,301,304,53
20200329,false,44,8,13,2,2061,358,327,57
20200330,false,51,9,7,1,2627,456,566,98
20200331,false,51,9,0,0,2627,456,0,0
20200401,false,69,12,18,3,2966,515,339,59
20200402,false,80,14,11,2,3342,580,376,65
20200403,false,97,17,17,3,3728,647,386,67
20200404,false,111,19,14,2,4173,725,445,77
20200405,false,126,22,15,3,4565,793,392,68
20200406,false,140,24,14,2,4950,860,385,67
20200407,false,150,26,10,2,5172,898,222,39
20200408,false,179,31,29,5,5429,943,257,45
20200409,false,193,34,14,2,5655,982,226,39
20200410,false,250,43,57,10,6510,1130,855,148
20200411,false,250,43,0,0,6510,1130,0,0
20200412,false,274,48,24,4,6893,1197,383,67
20200413,false,304,53,30,5,7684,1334,791,137
20200414,false,308,53,4,1,7691,1336,7,1
20200415,false,329,57,21,4,7941,1379,250,43
20200416,false,357,62,28,5,8280,1438,339,59
20200417,false,374,65,17,3,8675,1506,395,69
20200418,false,391,68,17,3,9047,1571,372,65
20200419,false,411,71,20,3,9433,1638,386,67
20200420,false,422,73,11,2,9730,1690,297,52
20200421,false,449,78,27,5,10106,1755,376,65
20200422,false,486,84,37,6,10447,1814,341,59
20200423,false,508,88,22,4,10878,1889,431,75
20200424,false,552,96,44,8,11262,1956,384,67
20200425,false,674,117,122,21,12255,2128,993,172
20200426,false,672,117,-2,0,12968,2252,713,124
20200427,false,680,118,8,1,13441,2334,473,82
20200428,false,706,123,26,5,13879,2410,438,76
20200429,false,760,132,54,9,14316,2486,437,76
20200430,false,766,133,6,1,14758,2563,442,77
20200501,false,777,135,11,2,15284,2654,526,91
20200502,false,820,142,43,7,15768,2738,484,84
20200503,false,832,144,12,2,16225,2817,457,79
20200504,false,842,146,10,2,16635,2889,410,71
20200505,false,851,148,9,2,16907,2936,272,47
20200506,false,903,157,52,9,17364,3015,457,79
20200507,false,921,160,18,3,17830,3096,466,81
20200508,false,961,167,40,7,18371,3190,541,94
20200509,false,960,167,-1,0,18827,3269,456,79
20200510,false,967,168,7,1,19375,3364,548,95
20200511,false,981,170,14,2,19703,3421,328,57
20200512,false,987,171,6,1,19879,3452,176,31
20200513,false,1009,175,22,4,20157,3500,278,48
20200514,false,1062,184,53,9,20475,3555,318,55
20200515,false,1091,189,29,5,20838,3619,363,63
20200516,false,878,152,-213,-37,21232,3687,394,68
20200517,false,878,152,0,0,21633,3757,401,70
20200518,false,878,152,0,0,21938,3810,305,53
20200519,false,921,160,43,7,22202,3855,264,46
20200520,false,968,168,47,8,22482,3904,280,49
20200521,false,1001,174,33,6,22797,3959,315,55
20200522,false,1062,184,61,11,23191,4027,394,68
20200523,false,1088,189,26,5,23487,4078,296,51
20200524,false,1088,189,0,0,23964,4161,477,83
20200525,false,1088,189,0,0,24174,4198,210,36
20200526,false,1088,189,0,0,24269,4214,95,16
20200527,false,1114,193,26,5,24565,4266,296,51
20200528,false,1135,197,21,4,24767,4301,202,35
20200529,false,1168,203,33,6,25121,4362,354,61
20200530,false,1181,205,13,2,25613,4448,492,85
20200531,false,1181,205,0,0,26098,4532,485,84
20200601,false,1181,205,0,0,26378,4581,280,49
20200602,false,1185,206,4,1,26577,4615,199,35
20200603,false,1228,213,43,7,26788,4652,211,37
20200604,false,1254,218,26,5,27060,4699,272,47
20200605,false,1255,218,1,0,27360,4751,300,52
20200606,false,1274,221,19,3,27615,4795,255,44
20200607,false,1274,221,0,0,27848,4836,233,40
20200608,false,1274,221,0,0,28001,4862,153,27
20200609,false,1292,224,18,3,28183,4894,182,32
20200610,false,1312,228,20,3,28347,4922,164,28
20200611,false,1328,231,16,3,28499,4949,152,26
20200612,false,1339,233,11,2,28647,4975,148,26
20200613,false,1348,234,9,2,28822,5005,175,30
20200614,false,1348,234,0,0,29017,5039,195,34
20200615,false,1348,234,0,0,29130,5058,113,20
20200616,false,1373,238,25,4,29299,5088,169,29
20200617,false,1373,238,0,0,29442,5113,143,25
20200618,false,1402,243,29,5,29673,5153,231,40
20200619,false,1417,246,15,3,29901,5192,228,40
20200620,false,1429,248,12,2,30187,5242,286,50
20200621,false,1429,248,0,0,30349,5270,162,28
20200622,false,1429,248,0,0,30539,5303,190,33
20200623,false,1438,250,9,2,30705,5332,166,29
20200624,false,1455,253,17,3,30893,5365,188,33
20200625,false,1457,253,2,0,31155,5410,262,45
20200626,false,1475,256,18,3,31479,5466,324,56
20200627,false,1482,257,7,1,31796,5521,317,55
20200628,false,1482,257,0,0,32022,5561,226,39
20200629,false,1482,257,0,0,32307,5610,285,49
20200630,false,1508,262,26,5,32511,5646,204,35
20200701,false,1520,264,12,2,32715,5681,204,35
20200702,false,1520,264,0,0,33029,5735,314,55
20200703,false,1521,264,1,0,33352,5792,323,56
20200704,false,1521,264,0,0,33619,5838,267,46
20200705,false,1521,264,0,0,33866,5881,247,43
20200706,false,1521,264,0,0,34065,5915,199,35
20200707,false,1542,268,21,4,34257,5949,192,33
20200708,false,1542,268,0,0,34664,6019,407,71
20200709,false,1544,268,2,0,35116,6098,452,78
20200710,false,1581,275,37,6,35525,6169,409,71
20200711,false,1586,275,5,1,36191,6285,666,116
20200712,false,1586,275,0,0,36591,6354,400,69
20200713,false,1586,275,0,0,36913,6410,322,56
20200714,false,1589,276,3,1,37242,6467,329,57
20200715,false,1594,277,5,1,37686,6544,444,77
20200716,false,1601,278,7,1,38155,6626,469,81
20200717,false,1615,280,14,2,38726,6725,571,99
20200718,false,1615,280,0,0,39344,6832,618,107
20200719,false,1615,280,0,0,39788,6909,444,77
20200720,false,1615,280,0,0,40142,6971,354,61
20200721,false,1615,280,0,0,40566,7044,424,74
20200722,false,1643,285,28,5,41059,7130,493,86
20200723,false,1643,285,0,0,41698,7241,639,111
20200724,false,1645,286,2,0,42314,7348,616,107
20200725,false,1661,288,16,3,42980,7463,666,116
20200726,false,1661,288,0,0,43789,7604,809,140
20200727,false,1661,288,0,0,44336,7699,547,95
20200728,false,1668,290,7,1,44565,7739,229,40
20200729,false,1679,292,11,2,45314,7869,749,130
20200730,false,1688,293,9,2,45796,7952,482,84
20200731,false,1691,294,3,1,46204,8023,408,71
20200801,false,1691,294,0,0,46809,8128,605,105
20200802,false,1691,294,0,0,47267,8208,458,80
20200803,false,1691,294,0,0,47716,8286,449,78
20200804,false,1710,297,19,3,47968,8330,252,44
20200805,false,1710,297,0,0,48394,8404,426,74
20200806,false,1717,298,7,1,48988,8507,594,103
20200807,false,1729,300,12,2,49436,8585,448,78
20200808,false,1736,301,7,1,49893,8664,457,79
20200809,false,1736,301,0,0,50324,8739,431,75
20200810,false,1736,301,0,0,50660,8797,336,58
20200811,false,1746,303,10,2,51039,8863,379,66
20200812,false,1751,304,5,1,51441,8933,402,70
20200813,false,1756,305,5,1,51756,8987,315,55
20200814,false,1763,306,7,1,52219,9068,463,80
20200815,false,1768,307,5,1,52538,9123,319,55
20200816,false,1768,307,0,0,52838,9175,300,52
20200817,false,1768,307,0,0,53176,9234,338,59
20200818,false,1778,309,10,2,53370,9268,194,34
20200819,false,1788,310,10,2,53631,9313,261,45
20200820,false,1800,313,12,2,53901,9360,270,47
20200821,false,1815,315,15,3,54230,9417,329,57
20200822,false,1815,315,0,0,54586,9479,356,62
20200823,false,1815,315,0,0,54883,9530,297,52
20200824,false,1815,315,0,0,55143,9576,260,45
20200825,false,1824,317,9,2,55341,9610,198,34
20200826,false,1826,317,2,0,55800,9690,459,80
20200827,false,1835,319,9,2,55993,9723,193,34
20200828,false,1835,319,0,0,56343,9784,350,61
20200829,false,1843,320,8,1,56773,9859,430,75
20200830,false,1843,320,0,0,57041,9905,268,47
20200831,false,1843,320,0,0,57223,9937,182,32
20200901,false,1849,321,6,1,57424,9972,201,35
20200902,false,1853,322,4,1,57775,10033,351,61
20200903,false,1853,322,0,0,58019,10075,244,42
20200904,false,1861,323,8,1,58287,10121,268,47
20200905,false,1866,324,5,1,58655,10185,368,64
20200906,false,1866,324,0,0,58989,10243,334,58
20200907,false,1866,324,0,0,59274,10293,285,49
20200908,false,1866,324,0,0,59487,10330,213,37
20200909,false,1868,324,2,0,59674,10362,187,32
20200910,false,1882,327,14,2,59920,10405,246,43
20200911,false,1889,328,7,1,60185,10451,265,46
20200912,false,1889,328,0,0,60492,10504,307,53
20200913,false,1889,328,0,0,60907,10576,415,72
20200914,false,1889,328,0,0,61324,10649,417,72
20200915,false,1894,329,5,1,61699,10714,375,65
20200916,false,1905,331,11,2,62099,10783,400,69
20200917,false,1905,331,0,0,62686,10885,587,102
20200918,false,1911,332,6,1,63145,10965,459,80
20200919,false,1913,332,2,0,63750,11070,605,105
20200920,false,1913,332,0,0,64356,11175,606,105
20200921,false,1913,332,0,0,64857,11262,501,87
20200922,false,1914,332,1,0,65399,11356,542,94
20200923,false,1926,334,12,2,66053,11470,654,114
20200924,false,1926,334,0,0,66669,11577,616,107
20200925,false,1935,336,9,2,67217,11672,548,95
20200926,false,1940,337,5,1,67926,11795,709,123
20200927,false,1940,337,0,0,68510,11897,584,101
20200928,false,1940,337,0,0,69079,11996,569,99
20200929,false,1945,338,5,1,69490,12067,411,71
20200930,false,1952,339,7,1,70025,12160,535,93
20201001,false,1960,340,8,1,70536,12249,511,89
20201002,false,1962,341,2,0,71218,12367,682,118
20201003,false,1968,342,6,1,71898,12485,680,118
20201004,false,1968,342,0,0,72555,12599,657,114
20201005,false,1968,342,0,0,73076,12690,521,90
20201006,false,1968,342,0,0,73537,12770,461,80
20201007,false,1983,344,15,3,74191,12883,654,114
20201008,false,1990,346,7,1,74922,13010,731,127
20201009,false,1997,347,7,1,75785,13160,863,150
20201010,false,1998,347,1,0,76619,13305,834,145
20201011,false,1998,347,0,0,77642,13482,1023,178
20201012,false,1998,347,0,0,78461,13625,819,142
20201013,false,1998,347,0,0,79037,13725,576,100
20201014,false,2009,349,11,2,80085,13907,1048,182
20201015,false,2025,352,16,3,80777,14027,692,120
20201016,false,2029,352,4,1,81918,14225,1141,198
20201017,false,2042,355,13,2,83230,14453,1312,228
20201018,false,2042,355,0,0,84369,14651,1139,198
20201019,false,2042,355,0,0,85302,14813,933,162
20201020,false,2051,356,9,2,86374,14999,1072,186
20201021,false,2060,358,9,2,87582,15209,1208,210
20201022,false,2066,359,6,1,88849,15429,1267,220
20201023,false,2070,359,4,1,90222,15667,1373,238
20201024,false,2076,360,6,1,91572,15901,1350,234
20201025,false,2076,360,0,0,93400,16219,1828,317
20201026,false,2076,360,0,0,95089,16512,1689,293
20201027,false,2082,362,6,1,97300,16896,2211,384
20201028,false,2082,362,0,0,98733,17145,1433,249
20201029,false,2094,364,12,2,100208,17401,1475,256
20201030,false,2095,364,1,0,102014,17715,1806,314
20201031,false,2105,366,10,2,104426,18133,2412,419
20201101,false,2105,366,0,0,107350,18641,2924,508
20201102,false,2105,366,0,0,109910,19086,2560,445
20201103,false,2126,369,21,4,112147,19474,2237,388
20201104,false,2134,371,8,1,114709,19919,2562,445
20201105,false,2147,373,13,2,117637,20428,2928,508
20201106,false,2158,375,11,2,121006,21013,3369,585
20201107,false,2168,376,10,2,124469,21614,3463,601
20201108,false,2168,376,0,0,127967,22221,3498,607
20201109,false,2168,376,0,0,130984,22745,3017,524
20201110,false,2179,378,11,2,134537,23362,3553,617
20201111,true,2190,380,11,2,138244,24006,3707,644
20201112,true,2202,382,11,2,142111,24678,3868,672
20201113,true,2213,384,12,2,146147,25378,4035,701
20201114,true,2225,386,12,2,150357,26109,4210,731
20201115,true,2237,388,12,2,154749,26872,4392,763
20201116,true,2249,391,12,2,159332,27668,4583,796
20201117,true,2261,393,12,2,164113,28498,4781,830
20201118,true,2274,395,13,2,169101,29364,4988,866
20201119,true,2287,397,13,2,174306,30268,5204,904
20201120,true,2300,399,13,2,179736,31211,5430,943
20201121,true,2313,402,13,2,185401,32195,5665,984
20201122,true,2326,404,13,2,191311,33221,5911,1026
20201123,true,2340,406,14,2,197478,34292,6167,1071
20201124,true,2354,409,14,2,203912,35409,6434,1117
