date,projected,deaths,deathsPerMillion,deathIncrease,deathIncreasePerMillion,positive,positivePerMillion,positiveIncrease,positiveIncreasePerMillion
20200307,false,0,0,0,0,0,0,0,0
20200308,false,0,0,0,0,1,0,1,0
20200309,false,0,0,0,0,1,0,0,0
20200310,false,0,0,0,0,2,1,1,0
20200311,false,0,0,0,0,3,1,1,0
20200312,false,0,0,0,0,6,2,3,1
20200313,false,0,0,0,0,6,2,0,0
20200314,false,0,0,0,0,11,3,5,1
20200315,false,0,0,0,0,20,6,9,3
20200316,false,0,0,0,0,26,7,6,2
20200317,false,0,0,0,0,41,11,15,4
20200318,false,0,0,0,0,68,19,27,8
20200319,false,1,0,1,0,96,27,28,8
20200320,false,3,1,2,1,194,54,98,27
20200321,false,4,1,1,0,194,54,0,0
20200322,false,5,1,1,0,223,63,29,8
20200323,false,10,3,5,1,415,116,192,54
20200324,false,12,3,2,1,618,173,203,57
20200325,false,19,5,7,2,875,245,257,72
20200326,false,21,6,2,1,1012,284,137,38
20200327,false,27,8,6,2,1291,362,279,78
20200328,false,33,9,6,2,1524,427,233,65
20200329,false,34,10,1,0,1993,559,469,132
20200330,false,36,10,2,1,2571,721,578,162
20200331,false,69,19,33,9,3128,877,557,156
20200401,false,85,24,16,4,3557,998,429,120
20200402,false,112,31,27,8,3824,1073,267,75
20200403,false,131,37,19,5,4914,1378,1090,306
20200404,false,165,46,34,10,5276,1480,362,102
20200405,false,189,53,24,7,5675,1592,399,112
20200406,false,206,58,17,5,6906,1937,1231,345
20200407,false,277,78,71,20,7781,2182,875,245
20200408,false,277,78,0,0,7781,2182,0,0
20200409,false,380,107,103,29,9784,2744,2003,562
20200410,false,448,126,68,19,10538,2956,754,211
20200411,false,494,139,46,13,11510,3228,972,273
20200412,false,554,155,60,17,12035,3376,525,147
20200413,false,602,169,48,13,13381,3753,1346,378
20200414,false,671,188,69,19,13989,3924,608,171
20200415,false,868,243,197,55,14755,4139,766,215
20200416,false,971,272,103,29,15884,4455,1129,317
20200417,false,1036,291,65,18,16809,4715,925,259
20200418,false,1036,291,0,0,16809,4715,0,0
20200419,false,1086,305,50,14,17550,4922,741,208
20200420,false,1331,373,245,69,19815,5558,2265,635
20200421,false,1423,399,92,26,20360,5711,545,153
20200422,false,1544,433,121,34,22469,6302,2109,592
20200423,false,1639,460,95,27,23100,6479,631,177
20200424,false,1764,495,125,35,23921,6709,821,230
20200425,false,1862,522,98,27,24582,6895,661,185
20200426,false,1924,540,62,17,25269,7088,687,193
20200427,false,1998,560,74,21,25269,7088,0,0
20200428,false,2089,586,91,26,26312,7380,1043,293
20200429,false,2168,608,79,22,26767,7508,455,128
20200430,false,2257,633,89,25,27700,7769,933,262
20200501,false,2339,656,82,23,28764,8068,1064,298
20200502,false,2339,656,0,0,28764,8068,0,0
20200503,false,2436,683,97,27,29287,8214,523,147
20200504,false,2495,700,59,17,29287,8214,0,0
20200505,false,2633,739,138,39,30621,8589,1334,374
20200506,false,2718,762,85,24,30995,8694,374,105
20200507,false,2797,785,79,22,31784,8915,789,221
20200508,false,2874,806,77,22,32411,9091,627,176
20200509,false,2932,822,58,16,32984,9251,573,161
20200510,false,2967,832,35,10,33554,9411,570,160
20200511,false,3008,844,41,11,33765,9470,211,59
20200512,false,3041,853,33,9,34333,9630,568,159
20200513,false,3125,877,84,24,34855,9776,522,146
20200514,false,3219,903,94,26,35464,9947,609,171
20200515,false,3285,921,66,19,36085,10121,621,174
20200516,false,3339,937,54,15,36703,10295,618,173
20200517,false,3408,956,69,19,37419,10495,716,201
20200518,false,3449,967,41,11,38116,10691,697,195
20200519,false,3472,974,23,6,38430,10779,314,88
20200520,false,3529,990,57,16,39017,10944,587,165
20200521,false,3582,1005,53,15,39208,10997,191,54
20200522,false,3637,1020,55,15,39640,11118,432,121
20200523,false,3675,1031,38,11,40022,11225,382,107
20200524,false,3693,1036,18,5,40468,11351,446,125
20200525,false,3742,1050,49,14,40873,11464,405,114
20200526,false,3769,1057,27,8,41303,11585,430,121
20200527,false,3803,1067,34,10,41288,11581,-15,-4
20200528,false,3826,1073,23,6,41559,11657,271,76
20200529,false,3868,1085,42,12,41762,11714,203,57
20200530,false,3912,1097,44,12,42022,11786,260,73
20200531,false,3944,1106,32,9,42201,11837,179,50
20200601,false,3964,1112,20,6,42743,11989,542,152
20200602,false,3972,1114,8,2,42979,12055,236,66
20200603,false,3989,1119,17,5,43091,12086,112,31
20200604,false,4007,1124,18,5,43239,12128,148,42
20200605,false,4038,1133,31,9,43460,12190,221,62
20200606,false,4055,1137,17,5,43818,12290,358,100
20200607,false,4071,1142,16,4,43968,12332,150,42
20200608,false,4084,1145,13,4,44092,12367,124,35
20200609,false,4097,1149,13,4,44179,12391,87,24
20200610,false,4120,1156,23,6,44347,12439,168,47
20200611,false,4146,1163,26,7,44461,12471,114,32
20200612,false,4159,1167,13,4,44689,12534,228,64
20200613,false,4186,1174,27,8,44994,12620,305,86
20200614,false,4201,1178,15,4,45088,12646,94,26
20200615,false,4204,1179,3,1,45235,12688,147,41
20200616,false,4210,1181,6,2,45349,12720,114,32
20200617,false,4219,1183,9,3,45429,12742,80,22
20200618,false,4226,1185,7,2,45440,12745,11,3
20200619,false,4238,1189,12,3,45557,12778,117,33
20200620,false,4251,1192,13,4,45715,12822,158,44
20200621,false,4260,1195,9,3,45755,12833,40,11
20200622,false,4263,1196,3,1,45782,12841,27,8
20200623,false,4277,1200,14,4,45899,12874,117,33
20200624,false,4287,1202,10,3,45913,12878,14,4
20200625,false,4298,1206,11,3,45994,12901,81,23
20200626,false,4307,1208,9,3,46059,12919,65,18
20200627,false,4311,1209,4,1,46206,12960,147,41
20200628,false,4316,1211,5,1,46303,12987,97,27
20200629,false,4320,1212,4,1,46362,13004,59,17
20200630,false,4322,1212,2,1,46514,13046,152,43
20200701,false,4324,1213,2,1,46572,13063,58,16
20200702,false,4326,1213,2,1,46646,13083,74,21
20200703,false,4335,1216,9,3,46717,13103,71,20
20200704,false,4335,1216,0,0,46717,13103,0,0
20200705,false,4335,1216,0,0,46717,13103,0,0
20200706,false,4338,1217,3,1,46976,13176,259,73
20200707,false,4338,1217,0,0,47033,13192,57,16
20200708,false,4343,1218,5,1,47108,13213,75,21
20200709,false,4348,1220,5,1,47209,13241,101,28
20200710,false,4348,1220,0,0,47287,13263,78,22
20200711,false,4348,1220,0,0,47287,13263,0,0
20200712,false,4348,1220,0,0,47287,13263,0,0
20200713,false,4371,1226,23,6,47510,13326,223,63
20200714,false,4372,1226,1,0,47530,13331,20,6
20200715,false,4380,1229,8,2,47636,13361,106,30
20200716,false,4389,1231,9,3,47750,13393,114,32
20200717,false,4396,1233,7,2,47893,13433,143,40
20200718,false,4396,1233,0,0,47893,13433,0,0
20200719,false,4396,1233,0,0,47893,13433,0,0
20200720,false,4406,1236,10,3,48055,13479,162,45
20200721,false,4406,1236,0,0,48096,13490,41,11
20200722,false,4406,1236,0,0,48223,13526,127,36
20200723,false,4410,1237,4,1,48232,13528,9,3
20200724,false,4413,1238,3,1,48776,13681,544,153
20200725,false,4413,1238,0,0,48776,13681,0,0
20200726,false,4413,1238,0,0,48776,13681,0,0
20200727,false,4418,1239,5,1,48983,13739,207,58
20200728,false,4423,1241,5,1,49077,13765,94,26
20200729,false,4425,1241,2,1,49540,13895,463,130
20200730,false,4431,1243,6,2,49670,13932,130,36
20200731,false,4432,1243,1,0,49810,13971,140,39
20200801,false,4432,1243,0,0,49810,13971,0,0
20200802,false,4432,1243,0,0,49810,13971,0,0
20200803,false,4437,1245,5,1,50062,14042,252,71
20200804,false,4437,1245,0,0,50110,14055,48,13
20200805,false,4437,1245,0,0,50225,14087,115,32
20200806,false,4437,1245,0,0,50245,14093,20,6
20200807,false,4441,1246,4,1,50320,14114,75,21
20200808,false,4441,1246,0,0,50320,14114,0,0
20200809,false,4441,1246,0,0,50320,14114,0,0
20200810,false,4444,1246,3,1,50567,14183,247,69
20200811,false,4444,1246,0,0,50684,14216,117,33
20200812,false,4450,1248,6,2,50706,14222,22,6
20200813,false,4450,1248,0,0,50782,14243,76,21
20200814,false,4453,1249,3,1,50897,14276,115,32
20200815,false,4453,1249,0,0,50897,14276,0,0
20200816,false,4453,1249,0,0,50897,14276,0,0
20200817,false,4456,1250,3,1,51267,14379,370,104
20200818,false,4456,1250,0,0,51255,14376,-12,-3
20200819,false,4457,1250,1,0,51314,14393,59,17
20200820,false,4458,1250,1,0,51432,14426,118,33
20200821,false,4460,1251,2,1,51519,14450,87,24
20200822,false,4460,1251,0,0,51519,14450,0,0
20200823,false,4460,1251,0,0,51519,14450,0,0
20200824,false,4460,1251,0,0,52011,14588,492,138
20200825,false,4463,1252,3,1,52040,14596,29,8
20200826,false,4463,1252,0,0,52220,14647,180,50
20200827,false,4465,1252,2,1,52350,14683,130,36
20200828,false,4465,1252,0,0,52495,14724,145,41
20200829,false,4465,1252,0,0,52495,14724,0,0
20200830,false,4465,1252,0,0,52495,14724,0,0
20200831,false,4465,1252,0,0,52879,14832,384,108
20200901,false,4466,1253,1,0,53006,14867,127,36
20200902,false,4467,1253,1,0,53108,14896,102,29
20200903,false,4468,1253,1,0,53209,14924,101,28
20200904,false,4468,1253,0,0,53365,14968,156,44
20200905,false,4468,1253,0,0,53365,14968,0,0
20200906,false,4468,1253,0,0,53365,14968,0,0
20200907,false,4468,1253,0,0,53365,14968,0,0
20200908,false,4474,1255,6,2,53782,15085,417,117
20200909,false,4474,1255,0,0,53871,15110,89,25
20200910,false,4478,1256,4,1,54093,15172,222,62
20200911,false,4480,1257,2,1,54326,15237,233,65
20200912,false,4480,1257,0,0,54326,15237,0,0
20200913,false,4480,1257,0,0,54326,15237,0,0
20200914,false,4485,1258,5,1,54895,15397,569,160
20200915,false,4485,1258,0,0,55031,15435,136,38
20200916,false,4487,1259,2,1,55166,15473,135,38
20200917,false,4488,1259,1,0,55386,15535,220,62
20200918,false,4492,1260,4,1,55527,15574,141,40
20200919,false,4492,1260,0,0,55527,15574,0,0
20200920,false,4492,1260,0,0,55527,15574,0,0
20200921,false,4495,1261,3,1,56024,15714,497,139
20200922,false,4496,1261,1,0,56160,15752,136,38
20200923,false,4497,1261,1,0,56315,15795,155,43
20200924,false,4499,1262,2,1,56472,15839,157,44
20200925,false,4501,1262,2,1,56587,15872,115,32
20200926,false,4501,1262,0,0,56587,15872,0,0
20200927,false,4501,1262,0,0,56587,15872,0,0
20200928,false,4503,1263,2,1,57147,16029,560,157
20200929,false,4505,1264,2,1,57329,16080,182,51
20200930,false,4508,1264,3,1,57550,16142,221,62
20201001,false,4511,1265,3,1,57742,16196,192,54
20201002,false,4513,1266,2,1,58297,16351,555,156
20201003,false,4513,1266,0,0,58297,16351,0,0
20201004,false,4513,1266,0,0,58297,16351,0,0
20201005,false,4517,1267,4,1,59120,16582,823,231
20201006,false,4521,1268,4,1,59241,16616,121,34
20201007,false,4522,1268,1,0,59364,16651,123,34
20201008,false,4527,1270,5,1,59748,16758,384,108
20201009,false,4530,1271,3,1,60038,16840,290,81
20201010,false,4530,1271,0,0,60038,16840,0,0
20201011,false,4530,1271,0,0,60038,16840,0,0
20201012,false,4532,1271,2,1,61377,17215,1339,376
20201013,false,4533,1271,1,0,61697,17305,320,90
20201014,false,4537,1273,4,1,61861,17351,164,46
20201015,false,4540,1273,3,1,62028,17398,167,47
20201016,false,4542,1274,2,1,62830,17623,802,225
20201017,false,4542,1274,0,0,62830,17623,0,0
20201018,false,4542,1274,0,0,62830,17623,0,0
20201019,false,4554,1277,12,3,64021,17957,1191,334
20201020,false,4559,1279,5,1,64455,18078,434,122
20201021,false,4567,1281,8,2,64871,18195,416,117
20201022,false,4569,1282,2,1,65373,18336,502,141
20201023,false,4577,1284,8,2,66052,18526,679,190
20201024,false,4577,1284,0,0,66052,18526,0,0
20201025,false,4577,1284,0,0,66052,18526,0,0
20201026,false,4589,1287,12,3,68099,19101,2047,574
20201027,false,4595,1289,6,2,68637,19251,538,151
20201028,false,4604,1291,9,3,69127,19389,490,137
20201029,false,4609,1293,5,1,70446,19759,1319,370
20201030,false,4616,1295,7,2,71207,19972,761,213
20201031,false,4616,1295,0,0,71207,19972,0,0
20201101,false,4616,1295,0,0,71207,19972,0,0
20201102,false,4627,1298,11,3,73858,20716,2651,744
20201103,false,4627,1298,0,0,73858,20716,0,0
20201104,false,4645,1303,18,5,75373,21141,1515,425
20201105,false,4656,1306,11,3,77060,21614,1687,473
20201106,false,4671,1310,15,4,78125,21913,1065,299
20201107,false,4671,1310,0,0,78125,21913,0,0
20201108,false,4671,1310,0,0,78125,21913,0,0
20201109,false,4698,1318,27,8,81463,22849,3338,936
20201110,false,4707,1320,9,3,82987,23276,1524,427
20201111,true,4717,1323,10,3,84591,23726,1604,450
20201112,true,4728,1326,11,3,86278,24200,1688,473
20201113,true,4740,1330,12,3,88054,24698,1776,498
20201114,true,4754,1333,14,4,89923,25222,1869,524
20201115,true,4769,1338,15,4,91890,25774,1967,552
20201116,true,4786,1342,17,5,93960,26354,2070,581
20201117,true,4804,1348,19,5,96138,26965,2178,611
20201118,true,4825,1353,21,6,98430,27608,2292,643
20201119,true,4848,1360,23,6,100842,28284,2412,677
20201120,true,4873,1367,25,7,103380,28996,2538,712
20201121,true,4901,1375,28,8,106051,29745,2671,749
20201122,true,4932,1383,31,9,108862,30534,2811,788
20201123,true,4967,1393,34,10,111819,31363,2958,830
20201124,true,5005,1404,38,11,114932,32236,3113,873
20201125,true,5047,1416,42,12,118208,33155,3276,919
20201126,true,5094,1429,47,13,121655,34122,3447,967
20201127,true,5146,1443,52,15,125282,35139,3627,1017
20201128,true,5204,1460,58,16,129099,36210,3817,1071
20201129,true,5268,1478,64,18,133116,37337,4017,1127
20201130,true,5339,1498,71,20,137343,38522,4227,1186
20201201,true,5418,1520,79,22,141791,39770,4448,1248
