date,projected,deaths,deathsPerMillion,deathIncrease,deathIncreasePerMillion,positive,positivePerMillion,positiveIncrease,positiveIncreasePerMillion
20200305,false,0,0,0,0,0,0,0,0
20200306,false,0,0,0,0,0,0,0,0
20200307,false,0,0,0,0,0,0,0,0
20200308,false,0,0,0,0,1,1,1,1
20200309,false,0,0,0,0,1,1,0,0
20200310,false,0,0,0,0,5,7,4,6
20200311,false,0,0,0,0,5,7,0,0
20200312,false,0,0,0,0,10,14,5,7
20200313,false,0,0,0,0,10,14,0,0
20200314,false,0,0,0,0,10,14,0,0
20200315,false,0,0,0,0,16,23,6,9
20200316,false,0,0,0,0,17,24,1,1
20200317,false,0,0,0,0,22,31,5,7
20200318,false,0,0,0,0,31,44,9,13
20200319,false,0,0,0,0,39,55,8,11
20200320,false,1,1,1,1,71,101,32,45
20200321,false,1,1,0,0,77,109,6,9
20200322,false,1,1,0,0,98,139,21,30
20200323,false,2,3,1,1,116,164,18,26
20200324,false,2,3,0,0,137,194,21,30
20200325,false,2,3,0,0,183,259,46,65
20200326,false,3,4,1,1,231,327,48,68
20200327,false,3,4,0,0,267,378,36,51
20200328,false,4,6,1,1,304,431,37,52
20200329,false,5,7,1,1,342,485,38,54
20200330,false,9,13,4,6,401,568,59,84
20200331,false,9,13,0,0,495,701,94,133
20200401,false,11,16,2,3,586,830,91,129
20200402,false,12,17,1,1,653,925,67,95
20200403,false,15,21,3,4,757,1073,104,147
20200404,false,21,30,6,9,902,1278,145,205
20200405,false,22,31,1,1,998,1414,96,136
20200406,false,24,34,2,3,1097,1554,99,140
20200407,false,22,31,-2,-3,1211,1716,114,162
20200408,false,27,38,5,7,1440,2040,229,324
20200409,false,32,45,5,7,1523,2158,83,118
20200410,false,38,54,6,9,1660,2352,137,194
20200411,false,47,67,9,13,1778,2519,118,167
20200412,false,50,71,3,4,1875,2657,97,137
20200413,false,53,75,3,4,1955,2770,80,113
20200414,false,67,95,14,20,2058,2916,103,146
20200415,false,72,102,5,7,2197,3113,139,197
20200416,false,81,115,9,13,2350,3330,153,217
20200417,false,86,122,5,7,2476,3508,126,179
20200418,false,91,129,5,7,2666,3778,190,269
20200419,false,96,136,5,7,2793,3957,127,180
20200420,false,105,149,9,13,2927,4147,134,190
20200421,false,112,159,7,10,3098,4390,171,242
20200422,false,127,180,15,21,3206,4543,108,153
20200423,false,139,197,12,17,3361,4762,155,220
20200424,false,153,217,14,20,3528,4999,167,237
20200425,false,165,234,12,17,3699,5241,171,242
20200426,false,178,252,13,18,3841,5442,142,201
20200427,false,185,262,7,10,3892,5515,51,72
20200428,false,190,269,5,7,3994,5659,102,145
20200429,false,205,290,15,21,4106,5818,112,159
20200430,false,224,317,19,27,4323,6125,217,307
20200501,false,231,327,7,10,4658,6600,335,475
20200502,false,240,340,9,13,4797,6797,139,197
20200503,false,251,356,11,16,5016,7107,219,310
20200504,false,258,366,7,10,5170,7326,154,218
20200505,false,264,374,6,9,5322,7541,152,215
20200506,false,277,392,13,18,5461,7738,139,197
20200507,false,285,404,8,11,5654,8011,193,273
20200508,false,304,431,19,27,5899,8358,245,347
20200509,false,311,441,7,10,6102,8646,203,288
20200510,false,323,458,12,17,6272,8887,170,241
20200511,false,328,465,5,7,6389,9053,117,166
20200512,false,336,476,8,11,6485,9189,96,136
20200513,false,350,496,14,20,6584,9329,99,140
20200514,false,358,507,8,11,6736,9544,152,215
20200515,false,368,521,10,14,6871,9736,135,191
20200516,false,375,531,7,10,7042,9978,171,242
20200517,false,383,543,8,11,7123,10093,81,115
20200518,false,392,555,9,13,7270,10301,147,208
20200519,false,400,567,8,11,7434,10533,164,232
20200520,false,407,577,7,10,7551,10699,117,166
20200521,false,412,584,5,7,7788,11035,237,336
20200522,false,418,592,6,9,7893,11184,105,149
20200523,false,427,605,9,13,7966,11287,73,103
20200524,false,427,605,0,0,7966,11287,0,0
20200525,false,440,623,13,18,8225,11654,259,367
20200526,false,440,623,0,0,8334,11809,109,154
20200527,false,445,631,5,7,8406,11911,72,102
20200528,false,453,642,8,11,8492,12033,86,122
20200529,false,460,652,7,10,8538,12098,46,65
20200530,false,462,655,2,3,8717,12351,179,254
20200531,false,466,660,4,6,8801,12470,84,119
20200601,false,468,663,2,3,8857,12550,56,79
20200602,false,470,666,2,3,8886,12591,29,41
20200603,false,473,670,3,4,9016,12775,130,184
20200604,false,475,673,2,3,9120,12922,104,147
20200605,false,475,673,0,0,9199,13034,79,112
20200606,false,483,684,8,11,9269,13134,70,99
20200607,false,489,693,6,9,9332,13223,63,89
20200608,false,491,696,2,3,9389,13304,57,81
20200609,false,495,701,4,6,9474,13424,85,120
20200610,false,499,707,4,6,9537,13513,63,89
20200611,false,502,711,3,4,9589,13587,52,74
20200612,false,506,717,4,6,9654,13679,65,92
20200613,false,511,724,5,7,9709,13757,55,78
20200614,false,515,730,4,6,9767,13839,58,82
20200615,false,515,730,0,0,9799,13885,32,45
20200616,false,520,737,5,7,9818,13911,19,27
20200617,false,523,741,3,4,9847,13953,29,41
20200618,false,527,747,4,6,9903,14032,56,79
20200619,false,530,751,3,4,9952,14101,49,69
20200620,false,531,752,1,1,9984,14147,32,45
20200621,false,533,755,2,3,10020,14198,36,51
20200622,false,535,758,2,3,10058,14252,38,54
20200623,false,537,761,2,3,10094,14303,36,51
20200624,false,541,767,4,6,10128,14351,34,48
20200625,false,543,769,2,3,10159,14395,31,44
20200626,false,546,774,3,4,10185,14431,26,37
20200627,false,548,776,2,3,10216,14475,31,44
20200628,false,550,779,2,3,10248,14521,32,45
20200629,false,551,781,1,1,10292,14583,44,62
20200630,false,551,781,0,0,10327,14633,35,50
20200701,false,553,784,2,3,10365,14687,38,54
20200702,false,554,785,1,1,10390,14722,25,35
20200703,false,555,786,1,1,10435,14786,45,64
20200704,false,557,789,2,3,10447,14803,12,17
20200705,false,559,792,2,3,10482,14852,35,50
20200706,false,561,795,2,3,10515,14899,33,47
20200707,false,561,795,0,0,10569,14976,54,77
20200708,false,564,799,3,4,10642,15079,73,103
20200709,false,568,805,4,6,10679,15131,37,52
20200710,false,568,805,0,0,10743,15222,64,91
20200711,false,568,805,0,0,10801,15304,58,82
20200712,false,568,805,0,0,10847,15369,46,65
20200713,false,568,805,0,0,10906,15453,59,84
20200714,false,568,805,0,0,10946,15510,40,57
20200715,false,571,809,3,4,11026,15623,80,113
20200716,false,574,813,3,4,11076,15694,50,71
20200717,false,577,818,3,4,11115,15749,39,55
20200718,false,578,819,1,1,11194,15861,79,112
20200719,false,578,819,0,0,11261,15956,67,95
20200720,false,579,820,1,1,11339,16067,78,111
20200721,false,580,822,1,1,11427,16191,88,125
20200722,false,580,822,0,0,11529,16336,102,145
20200723,false,581,823,1,1,11571,16395,42,60
20200724,false,581,823,0,0,11649,16506,78,111
20200725,false,581,823,0,0,11717,16602,68,96
20200726,false,581,823,0,0,11780,16691,63,89
20200727,false,582,825,1,1,11858,16802,78,111
20200728,false,583,826,1,1,11945,16925,87,123
20200729,false,584,827,1,1,11999,17002,54,77
20200730,false,584,827,0,0,12057,17084,58,82
20200731,false,585,829,1,1,12126,17182,69,98
20200801,false,585,829,0,0,12205,17294,79,112
20200802,false,586,830,1,1,12274,17391,69,98
20200803,false,586,830,0,0,12313,17447,39,55
20200804,false,587,832,1,1,12398,17567,85,120
20200805,false,587,832,0,0,12443,17631,45,64
20200806,false,587,832,0,0,12518,17737,75,106
20200807,false,589,835,2,3,12589,17838,71,101
20200808,false,590,836,1,1,12653,17928,64,91
20200809,false,591,837,1,1,12753,18070,100,142
20200810,false,591,837,0,0,12807,18147,54,77
20200811,false,593,840,2,3,12896,18273,89,126
20200812,false,593,840,0,0,12959,18362,63,89
20200813,false,594,842,1,1,13024,18454,65,92
20200814,false,594,842,0,0,13118,18587,94,133
20200815,false,597,846,3,4,13159,18645,41,58
20200816,false,597,846,0,0,13220,18732,61,86
20200817,false,597,846,0,0,13273,18807,53,75
20200818,false,599,849,2,3,13325,18881,52,74
20200819,false,600,850,1,1,13354,18922,29,41
20200820,false,601,852,1,1,13409,19000,55,78
20200821,false,602,853,1,1,13469,19085,60,85
20200822,false,604,856,2,3,13534,19177,65,92
20200823,false,604,856,0,0,13590,19256,56,79
20200824,false,604,856,0,0,13639,19326,49,69
20200825,false,604,856,0,0,13684,19389,45,64
20200826,false,605,857,1,1,13722,19443,38,54
20200827,false,605,857,0,0,13794,19545,72,102
20200828,false,605,857,0,0,13851,19626,57,81
20200829,false,605,857,0,0,13925,19731,74,105
20200830,false,606,859,1,1,13959,19779,34,48
20200831,false,607,860,1,1,13992,19826,33,47
20200901,false,607,860,0,0,14049,19907,57,81
20200902,false,608,861,1,1,14077,19946,28,40
20200903,false,609,863,1,1,14135,20028,58,82
20200904,false,611,866,2,3,14186,20101,51,72
20200905,false,611,866,0,0,14238,20174,52,74
20200906,false,611,866,0,0,14279,20232,41,58
20200907,false,611,866,0,0,14315,20283,36,51
20200908,false,611,866,0,0,14362,20350,47,67
20200909,false,615,871,4,6,14387,20385,25,35
20200910,false,616,873,1,1,14412,20421,25,35
20200911,false,616,873,0,0,14493,20536,81,115
20200912,false,616,873,0,0,14552,20619,59,84
20200913,false,616,873,0,0,14592,20676,40,57
20200914,false,616,873,0,0,14622,20718,30,43
20200915,false,616,873,0,0,14687,20811,65,92
20200916,false,617,874,1,1,14743,20890,56,79
20200917,false,619,877,2,3,14790,20956,47,67
20200918,false,619,877,0,0,14852,21044,62,88
20200919,false,619,877,0,0,14902,21115,50,71
20200920,false,620,878,1,1,14955,21190,53,75
20200921,false,621,880,1,1,14978,21223,23,33
20200922,false,621,880,0,0,15021,21284,43,61
20200923,false,621,880,0,0,15050,21325,29,41
20200924,false,621,880,0,0,15106,21404,56,79
20200925,false,623,883,2,3,15163,21485,57,81
20200926,false,624,884,1,1,15215,21559,52,74
20200927,false,624,884,0,0,15250,21608,35,50
20200928,false,624,884,0,0,15264,21628,14,20
20200929,false,626,887,2,3,15300,21679,36,51
20200930,false,627,888,1,1,15326,21716,26,37
20201001,false,628,890,1,1,15358,21761,32,45
20201002,false,629,891,1,1,15423,21853,65,92
20201003,false,629,891,0,0,15473,21924,50,71
20201004,false,631,894,2,3,15519,21989,46,65
20201005,false,631,894,0,0,15547,22029,28,40
20201006,false,631,894,0,0,15652,22178,105,149
20201007,false,632,896,1,1,15697,22242,45,64
20201008,false,634,898,2,3,15765,22338,68,96
20201009,false,634,898,0,0,15843,22448,78,111
20201010,false,636,901,2,3,15918,22555,75,106
20201011,false,637,903,1,1,15984,22648,66,94
20201012,false,637,903,0,0,16022,22702,38,54
20201013,false,637,903,0,0,16068,22767,46,65
20201014,false,638,904,1,1,16132,22858,64,91
20201015,false,638,904,0,0,16166,22906,34,48
20201016,false,641,908,3,4,16255,23032,89,126
20201017,false,641,908,0,0,16334,23144,79,112
20201018,false,641,908,0,0,16370,23195,36,51
20201019,false,641,908,0,0,16395,23231,25,35
20201020,false,642,910,1,1,16445,23301,50,71
20201021,false,642,910,0,0,16498,23377,53,75
20201022,false,642,910,0,0,16537,23432,39,55
20201023,false,642,910,0,0,16609,23534,72,102
20201024,false,642,910,0,0,16706,23671,97,137
20201025,false,642,910,0,0,16767,23758,61,86
20201026,false,642,910,0,0,16812,23822,45,64
20201027,false,644,913,2,3,16906,23955,94,133
20201028,false,644,913,0,0,16973,24050,67,95
20201029,false,645,914,1,1,17074,24193,101,143
20201030,false,646,915,1,1,17144,24292,70,99
20201031,false,646,915,0,0,17266,24465,122,173
20201101,false,646,915,0,0,17369,24611,103,146
20201102,false,647,917,1,1,17438,24709,69,98
20201103,false,647,917,0,0,17524,24830,86,122
20201104,false,647,917,0,0,17601,24939,77,109
20201105,false,650,921,3,4,17682,25054,81,115
20201106,false,652,924,2,3,17792,25210,110,156
20201107,false,654,927,2,3,17891,25350,99,140
20201108,false,654,927,0,0,18001,25506,110,156
20201109,false,655,928,1,1,18087,25628,86,122
20201110,false,657,931,2,3,18173,25750,86,122
20201111,true,659,934,2,3,18260,25873,87,123
20201112,true,661,937,2,3,18347,25996,87,124
20201113,true,664,941,2,3,18435,26121,88,125
20201114,true,667,944,3,4,18523,26246,89,125
20201115,true,669,948,3,4,18613,26373,89,126
20201116,true,672,953,3,4,18702,26500,90,127
20201117,true,676,957,3,5,18793,26628,91,128
20201118,true,679,962,3,5,18884,26758,91,129
20201119,true,683,968,4,5,18976,26888,92,130
20201120,true,687,973,4,6,19069,27019,93,131
20201121,true,691,979,4,6,19162,27151,93,132
20201122,true,696,986,5,6,19256,27284,94,133
20201123,true,701,993,5,7,19350,27418,95,134
20201124,true,706,1000,5,7,19446,27553,95,135
20201125,true,711,1008,6,8,19542,27689,96,136
20201126,true,717,1017,6,9,19638,27826,97,137
20201127,true,724,1026,6,9,19736,27964,97,138
20201128,true,731,1036,7,10,19834,28103,98,139
20201129,true,738,1046,7,11,19933,28243,99,140
20201130,true,746,1057,8,11,20032,28384,100,141
20201201,true,755,1069,9,12,20133,28527,100,142
