date,projected,deaths,deathsPerMillion,deathIncrease,deathIncreasePerMillion,positive,positivePerMillion,positiveIncrease,positiveIncreasePerMillion
20200129,false,0,0,0,0,0,0,0,0
20200130,false,0,0,0,0,0,0,0,0
20200131,false,0,0,0,0,0,0,0,0
20200201,false,0,0,0,0,0,0,0,0
20200202,false,0,0,0,0,0,0,0,0
20200203,false,0,0,0,0,0,0,0,0
20200204,false,0,0,0,0,0,0,0,0
20200205,false,0,0,0,0,0,0,0,0
20200206,false,0,0,0,0,0,0,0,0
20200207,false,0,0,0,0,0,0,0,0
20200208,false,0,0,0,0,0,0,0,0
20200209,false,0,0,0,0,0,0,0,0
20200210,false,0,0,0,0,0,0,0,0
20200211,false,0,0,0,0,0,0,0,0
20200212,false,0,0,0,0,0,0,0,0
20200213,false,0,0,0,0,0,0,0,0
20200214,false,0,0,0,0,0,0,0,0
20200215,false,0,0,0,0,0,0,0,0
20200216,false,0,0,0,0,0,0,0,0
20200217,false,0,0,0,0,0,0,0,0
20200218,false,0,0,0,0,0,0,0,0
20200219,false,0,0,0,0,0,0,0,0
20200220,false,0,0,0,0,0,0,0,0
20200221,false,0,0,0,0,0,0,0,0
20200222,false,0,0,0,0,0,0,0,0
20200223,false,0,0,0,0,0,0,0,0
20200224,false,0,0,0,0,0,0,0,0
20200225,false,0,0,0,0,0,0,0,0
20200226,false,0,0,0,0,0,0,0,0
20200227,false,0,0,0,0,0,0,0,0
20200228,false,0,0,0,0,0,0,0,0
20200229,false,0,0,0,0,0,0,0,0
20200301,false,0,0,0,0,0,0,0,0
20200302,false,0,0,0,0,0,0,0,0
20200303,false,0,0,0,0,2,0,2,0
20200304,false,0,0,0,0,3,0,1,0
20200305,false,0,0,0,0,7,0,4,0
20200306,false,0,0,0,0,8,0,1,0
20200307,false,0,0,0,0,8,0,0,0
20200308,false,0,0,0,0,12,1,4,0
20200309,false,0,0,0,0,13,1,1,0
20200310,false,0,0,0,0,18,1,5,0
20200311,false,2,0,2,0,20,1,2,0
20200312,false,2,0,0,0,26,1,6,0
20200313,false,2,0,0,0,31,1,5,0
20200314,false,3,0,1,0,51,2,20,1
20200315,false,4,0,1,0,91,4,40,2
20200316,false,4,0,0,0,122,6,31,1
20200317,false,6,0,2,0,149,7,27,1
20200318,false,7,0,1,0,211,10,62,3
20200319,false,8,0,1,0,310,14,99,5
20200320,false,10,0,2,0,386,18,76,4
20200321,false,12,1,2,0,528,25,142,7
20200322,false,13,1,1,0,731,34,203,9
20200323,false,14,1,1,0,1029,48,298,14
20200324,false,18,1,4,0,1205,56,176,8
20200325,false,22,1,4,0,1488,69,283,13
20200326,false,28,1,6,0,1985,92,497,23
20200327,false,34,2,6,0,2520,117,535,25
20200328,false,54,3,20,1,3179,148,659,31
20200329,false,56,3,2,0,3884,181,705,33
20200330,false,63,3,7,0,4760,222,876,41
20200331,false,77,4,14,1,5612,261,852,40
20200401,false,87,4,10,0,6516,303,904,42
20200402,false,128,6,41,2,7548,351,1032,48
20200403,false,163,8,35,2,8816,410,1268,59
20200404,false,191,9,28,1,10097,470,1281,60
20200405,false,218,10,27,1,11245,524,1148,53
20200406,false,236,11,18,1,12008,559,763,36
20200407,false,296,14,60,3,13167,613,1159,54
20200408,false,309,14,13,1,14173,660,1006,47
20200409,false,354,16,45,2,15219,709,1046,49
20200410,false,390,18,36,2,16252,757,1033,48
20200411,false,438,20,48,2,17340,807,1088,51
20200412,false,465,22,27,1,18404,857,1064,50
20200413,false,483,22,18,1,19213,895,809,38
20200414,false,537,25,54,3,20135,937,922,43
20200415,false,609,28,72,3,20727,965,592,28
20200416,false,646,30,37,2,21624,1007,897,42
20200417,false,699,33,53,2,22823,1063,1199,56
20200418,false,754,35,55,3,23906,1113,1083,50
20200419,false,781,36,27,1,24647,1148,741,35
20200420,false,806,38,25,1,25360,1181,713,33
20200421,false,856,40,50,2,26106,1215,746,35
20200422,false,910,42,54,3,26965,1255,859,40
20200423,false,979,46,69,3,27662,1288,697,32
20200424,false,1031,48,52,2,28876,1344,1214,57
20200425,false,1075,50,44,2,29610,1379,734,34
20200426,false,1094,51,19,1,30405,1416,795,37
20200427,false,1101,51,7,0,30924,1440,519,24
20200428,false,1154,54,53,2,31672,1475,748,35
20200429,false,1240,58,86,4,32015,1491,343,16
20200430,false,1290,60,50,2,32529,1515,514,24
20200501,false,1314,61,24,1,33506,1560,977,45
20200502,false,1388,65,74,3,34209,1593,703,33
20200503,false,1403,65,15,1,34841,1622,632,29
20200504,false,1423,66,20,1,35609,1658,768,36
20200505,false,1536,72,113,5,36183,1685,574,27
20200506,false,1605,75,69,3,36764,1712,581,27
20200507,false,1667,78,62,3,37389,1741,625,29
20200508,false,1738,81,71,3,37733,1757,344,16
20200509,false,1785,83,47,2,38498,1792,765,36
20200510,false,1791,83,6,0,39179,1824,681,32
20200511,false,1805,84,14,1,39562,1842,383,18
20200512,false,1849,86,44,2,40168,1870,606,28
20200513,false,1898,88,49,2,40967,1907,799,37
20200514,false,1948,91,50,2,41759,1944,792,37
20200515,false,1991,93,43,2,42545,1981,786,37
20200516,false,2040,95,49,2,43025,2003,480,22
20200517,false,2049,95,9,0,44161,2056,1136,53
20200518,false,2073,97,24,1,44815,2087,654,30
20200519,false,2129,99,56,3,45427,2115,612,28
20200520,false,2173,101,44,2,45902,2137,475,22
20200521,false,2222,103,49,2,47092,2193,1190,55
20200522,false,2268,106,46,2,47817,2226,725,34
20200523,false,2312,108,44,2,48550,2260,733,34
20200524,false,2316,108,4,0,49095,2286,545,25
20200525,false,2331,109,15,1,50075,2331,980,46
20200526,false,2338,109,7,0,50578,2355,503,23
20200527,false,2400,112,62,3,51053,2377,475,22
20200528,false,2446,114,46,2,51667,2406,614,29
20200529,false,2495,116,49,2,52888,2462,1221,57
20200530,false,2530,118,35,2,53640,2497,752,35
20200531,false,2534,118,4,0,54510,2538,870,41
20200601,false,2543,118,9,0,55210,2571,700,33
20200602,false,2613,122,70,3,55812,2599,602,28
20200603,false,2650,123,37,2,57021,2655,1209,56
20200604,false,2691,125,41,2,58286,2714,1265,59
20200605,false,2745,128,54,3,59305,2761,1019,47
20200606,false,2773,129,28,1,60549,2819,1244,58
20200607,false,2786,130,13,1,61941,2884,1392,65
20200608,false,2798,130,12,1,62970,2932,1029,48
20200609,false,2851,133,53,2,64128,2986,1158,54
20200610,false,2889,135,38,2,65370,3044,1242,58
20200611,false,2938,137,49,2,67039,3121,1669,78
20200612,false,2967,138,29,1,68673,3197,1634,76
20200613,false,3016,140,49,2,71149,3313,2476,115
20200614,false,3022,141,6,0,73282,3412,2133,99
20200615,false,3030,141,8,0,75042,3494,1760,82
20200616,false,3085,144,55,3,77733,3619,2691,125
20200617,false,3110,145,25,1,80160,3732,2427,113
20200618,false,3154,147,44,2,82854,3858,2694,125
20200619,false,3197,149,43,2,86167,4012,3313,154
20200620,false,3237,151,40,2,90169,4198,4002,186
20200621,false,3254,152,17,1,94786,4413,4617,215
20200622,false,3266,152,12,1,97537,4541,2751,128
20200623,false,3333,155,67,3,101335,4718,3798,177
20200624,false,3377,157,44,2,106806,4973,5471,255
20200625,false,3423,159,46,2,111797,5205,4991,232
20200626,false,3464,161,41,2,120611,5616,8814,410
20200627,false,3489,162,25,1,130145,6060,9534,444
20200628,false,3518,164,29,1,138499,6448,8354,389
20200629,false,3546,165,28,1,143862,6698,5363,250
20200630,false,3604,168,58,3,149889,6979,6027,281
20200701,false,3650,170,46,2,156434,7284,6545,305
20200702,false,3718,173,68,3,165876,7723,9442,440
20200703,false,3785,176,67,3,175200,8157,9324,434
20200704,false,3803,177,18,1,186530,8685,11330,528
20200705,false,3832,178,29,1,196386,9144,9856,459
20200706,false,3880,181,48,2,202623,9434,6237,290
20200707,false,3943,184,63,3,209922,9774,7299,340
20200708,false,3991,186,48,2,219869,10237,9947,463
20200709,false,4111,191,120,6,228759,10651,8890,414
20200710,false,4203,196,92,4,240009,11175,11250,524
20200711,false,4301,200,98,5,250283,11653,10274,478
20200712,false,4346,202,45,2,265432,12358,15149,705
20200713,false,4381,204,35,2,277639,12927,12207,568
20200714,false,4514,210,133,6,286822,13354,9183,428
20200715,false,4626,215,112,5,296814,13820,9992,465
20200716,false,4782,223,156,7,310573,14460,13759,641
20200717,false,4912,229,130,6,321747,14980,11174,520
20200718,false,5002,233,90,4,331920,15454,10173,474
20200719,false,5091,237,89,4,344305,16031,12385,577
20200720,false,5183,241,92,4,354710,16515,10405,484
20200721,false,5319,248,136,6,363973,16947,9263,431
20200722,false,5459,254,140,7,373637,17396,9664,450
20200723,false,5632,262,173,8,383749,17867,10112,471
20200724,false,5768,269,136,6,396069,18441,12320,574
20200725,false,5894,274,126,6,408114,19002,12045,561
20200726,false,5972,278,78,4,417360,19432,9246,430
20200727,false,6049,282,77,4,426164,19842,8804,410
20200728,false,6240,291,191,9,435302,20268,9138,425
20200729,false,6457,301,217,10,444622,20702,9320,434
20200730,false,6709,312,252,12,454457,21159,9835,458
20200731,false,6966,324,257,12,463357,21574,8900,414
20200801,false,7144,333,178,8,472859,22016,9502,442
20200802,false,7206,336,62,3,479915,22345,7056,329
20200803,false,7279,339,73,3,484729,22569,4814,224
20200804,false,7526,350,247,12,490086,22818,5357,249
20200805,false,7751,361,225,10,495510,23071,5424,253
20200806,false,7871,366,120,6,503083,23423,7573,353
20200807,false,8051,375,180,8,510624,23775,7541,351
20200808,false,8238,384,187,9,518967,24163,8343,388
20200809,false,8315,387,77,4,525106,24449,6139,286
20200810,false,8408,391,93,4,529256,24642,4150,193
20200811,false,8685,404,277,13,535018,24910,5762,268
20200812,false,8898,414,213,10,543113,25287,8095,377
20200813,false,9047,421,149,7,549340,25577,6227,290
20200814,false,9276,432,229,11,557337,25950,7997,372
20200815,false,9480,441,204,9,563628,26242,6291,293
20200816,false,9587,446,107,5,567375,26417,3747,174
20200817,false,9674,450,87,4,570024,26540,2649,123
20200818,false,9893,461,219,10,573811,26717,3787,176
20200819,false,10067,469,174,8,577891,26907,4080,190
20200820,false,10186,474,119,6,582407,27117,4516,210
20200821,false,10304,480,118,5,587023,27332,4616,215
20200822,false,10411,485,107,5,591283,27530,4260,198
20200823,false,10462,487,51,2,594287,27670,3004,140
20200824,false,10534,490,72,3,596511,27773,2224,104
20200825,false,10717,499,183,9,599176,27898,2665,124
20200826,false,10872,506,155,7,602113,28034,2937,137
20200827,false,11011,513,139,6,605342,28185,3229,150
20200828,false,11099,517,88,4,609074,28358,3732,174
20200829,false,11249,524,150,7,612206,28504,3132,146
20200830,false,11263,524,14,1,614753,28623,2547,119
20200831,false,11331,528,68,3,616629,28710,1876,87
20200901,false,11521,536,190,9,624116,29059,7487,349
20200902,false,11651,542,130,6,626426,29166,2310,108
20200903,false,11800,549,149,7,629913,29329,3487,162
20200904,false,11903,554,103,5,633060,29475,3147,147
20200905,false,11963,557,60,3,636653,29642,3593,167
20200906,false,12001,559,38,2,639166,29759,2513,117
20200907,false,12023,560,22,1,640978,29844,1812,84
20200908,false,12067,562,44,2,642775,29928,1797,84
20200909,false,12269,571,202,9,644781,30021,2006,93
20200910,false,12482,581,213,10,647318,30139,2537,118
20200911,false,12658,589,176,8,650922,30307,3604,168
20200912,false,12756,594,98,5,654090,30454,3168,148
20200913,false,12764,594,8,0,656485,30566,2395,112
20200914,false,12800,596,36,2,658203,30646,1718,80
20200915,false,12946,603,146,7,660946,30774,2743,128
20200916,false,13100,610,154,7,663234,30880,2288,107
20200917,false,13247,617,147,7,666507,31032,3273,152
20200918,false,13387,623,140,7,669684,31180,3177,148
20200919,false,13450,626,63,3,673194,31344,3510,163
20200920,false,13459,627,9,0,675691,31460,2497,116
20200921,false,13480,628,21,1,677362,31538,1671,78
20200922,false,13579,632,99,5,679776,31650,2414,112
20200923,false,13782,642,203,9,682370,31771,2594,121
20200924,false,13961,650,179,8,684847,31886,2477,115
20200925,false,14083,656,122,6,687656,32017,2809,131
20200926,false,14190,661,107,5,690387,32144,2731,127
20200927,false,14202,661,12,1,692234,32230,1847,86
20200928,false,14207,661,5,0,692962,32264,728,34
20200929,false,14313,666,106,5,696171,32414,3209,149
20200930,false,14488,675,175,8,698051,32501,1880,88
20201001,false,14619,681,131,6,700602,32620,2551,119
20201002,false,14730,686,111,5,703212,32741,2610,122
20201003,false,14803,689,73,3,705965,32870,2753,128
20201004,false,14845,691,42,2,707751,32953,1786,83
20201005,false,14886,693,41,2,709157,33018,1406,65
20201006,false,14945,696,59,3,711358,33121,2201,102
20201007,false,15084,702,139,6,713902,33239,2544,118
20201008,false,15254,710,170,8,717148,33390,3246,151
20201009,false,15372,716,118,5,720001,33523,2853,133
20201010,false,15372,716,0,0,720001,33523,0,0
20201011,false,15552,724,180,8,725415,33775,5414,252
20201012,false,15599,726,47,2,726934,33846,1519,71
20201013,false,15722,732,123,6,729591,33970,2657,124
20201014,false,15788,735,66,3,732399,34100,2808,131
20201015,false,15932,742,144,7,735685,34253,3286,153
20201016,false,16030,746,98,5,739050,34410,3365,157
20201017,false,16118,750,88,4,743018,34595,3968,185
20201018,false,16168,753,50,2,745492,34710,2474,115
20201019,false,16222,755,54,3,747183,34789,1691,79
20201020,false,16308,759,86,4,750739,34954,3556,166
20201021,false,16308,759,0,0,752845,35052,2106,98
20201022,false,16470,767,162,8,758306,35307,5461,254
20201023,false,16544,770,74,3,761924,35475,3618,168
20201024,false,16620,774,76,4,766305,35679,4381,204
20201025,false,16632,774,12,1,768653,35788,2348,109
20201026,false,16652,775,20,1,771989,35944,3336,155
20201027,false,16709,778,57,3,776215,36140,4226,197
20201028,false,16775,781,66,3,780220,36327,4005,186
20201029,false,16854,785,79,4,784331,36518,4111,191
20201030,false,16927,788,73,3,789714,36769,5383,251
20201031,false,16969,790,42,2,791997,36875,2283,106
20201101,false,16997,791,28,1,796802,37099,4805,224
20201102,false,17043,794,46,2,801371,37312,4569,213
20201103,false,17099,796,56,3,805924,37524,4553,212
20201104,false,17131,798,32,1,810256,37725,4332,202
20201105,false,17170,799,39,2,816376,38010,6120,285
20201106,false,17224,802,54,3,821526,38250,5150,240
20201107,false,17311,806,87,4,825906,38454,4380,204
20201108,false,17333,807,22,1,832525,38762,6619,308
20201109,false,17391,810,58,3,836370,38941,3845,179
20201110,false,17460,813,69,3,840652,39141,4282,199
20201111,true,17528,816,68,3,845036,39345,4384,204
20201112,true,17596,819,68,3,849526,39554,4489,209
20201113,true,17663,822,67,3,854122,39768,4597,214
20201114,true,17730,826,67,3,858829,39987,4707,219
20201115,true,17796,829,66,3,863648,40211,4819,224
20201116,true,17862,832,66,3,868583,40441,4935,230
20201117,true,17927,835,65,3,873635,40676,5053,235
20201118,true,17991,838,64,3,878809,40917,5173,241
20201119,true,18055,841,64,3,884106,41164,5297,247
20201120,true,18118,844,63,3,889530,41416,5424,253
20201121,true,18181,847,63,3,895083,41675,5554,259
20201122,true,18243,849,62,3,900770,41940,5686,265
20201123,true,18305,852,62,3,906592,42211,5822,271
20201124,true,18366,855,61,3,912554,42488,5962,278
20201125,true,18427,858,61,3,918659,42773,6104,284
20201126,true,18487,861,60,3,924909,43064,6250,291
20201127,true,18546,864,60,3,931309,43362,6400,298
20201128,true,18606,866,59,3,937862,43667,6553,305
20201129,true,18664,869,59,3,944572,43979,6710,312
20201130,true,18722,872,58,3,951442,44299,6870,320
20201201,true,18780,874,58,3,958477,44627,7035,328
