date,projected,deaths,deathsPerMillion,deathIncrease,deathIncreasePerMillion,positive,positivePerMillion,positiveIncrease,positiveIncreasePerMillion
20200316,false,0,0,0,0,3,18,0,0
20200317,false,0,0,0,0,5,30,2,12
20200318,false,0,0,0,0,8,48,3,18
20200319,false,0,0,0,0,12,72,4,24
20200320,false,0,0,0,0,14,84,2,12
20200321,false,0,0,0,0,15,91,1,6
20200322,false,1,6,1,6,27,163,12,72
20200323,false,1,6,0,0,29,175,2,12
20200324,false,1,6,0,0,32,193,3,18
20200325,false,1,6,0,0,37,223,5,30
20200326,false,1,6,0,0,45,272,8,48
20200327,false,1,6,0,0,51,308,6,36
20200328,false,1,6,0,0,55,332,4,24
20200329,false,1,6,0,0,56,338,1,6
20200330,false,1,6,0,0,58,350,2,12
20200331,false,2,12,1,6,69,416,11,66
20200401,false,3,18,1,6,77,465,8,48
20200402,false,3,18,0,0,82,495,5,30
20200403,false,4,24,1,6,84,507,2,12
20200404,false,4,24,0,0,93,561,9,54
20200405,false,4,24,0,0,112,676,19,115
20200406,false,4,24,0,0,113,682,1,6
20200407,false,4,24,0,0,121,730,8,48
20200408,false,4,24,0,0,125,754,4,24
20200409,false,4,24,0,0,128,772,3,18
20200410,false,4,24,0,0,130,784,2,12
20200411,false,5,30,1,6,133,803,3,18
20200412,false,5,30,0,0,133,803,0,0
20200413,false,5,30,0,0,133,803,0,0
20200414,false,5,30,0,0,133,803,0,0
20200415,false,5,30,0,0,133,803,0,0
20200416,false,5,30,0,0,133,803,0,0
20200417,false,5,30,0,0,133,803,0,0
20200418,false,5,30,0,0,133,803,0,0
20200419,false,5,30,0,0,133,803,0,0
20200420,false,5,30,0,0,133,803,0,0
20200421,false,5,30,0,0,133,803,0,0
20200422,false,5,30,0,0,134,809,1,6
20200423,false,5,30,0,0,138,833,4,24
20200424,false,5,30,0,0,140,845,2,12
20200425,false,5,30,0,0,141,851,1,6
20200426,false,5,30,0,0,141,851,0,0
20200427,false,5,30,0,0,142,857,1,6
20200428,false,5,30,0,0,144,869,2,12
20200429,false,5,30,0,0,145,875,1,6
20200430,false,5,30,0,0,146,881,1,6
20200501,false,5,30,0,0,146,881,0,0
20200502,false,5,30,0,0,148,893,2,12
20200503,false,5,30,0,0,150,905,2,12
20200504,false,5,30,0,0,149,899,-1,-6
20200505,false,5,30,0,0,149,899,0,0
20200506,false,5,30,0,0,151,911,2,12
20200507,false,5,30,0,0,151,911,0,0
20200508,false,5,30,0,0,151,911,0,0
20200509,false,5,30,0,0,151,911,0,0
20200510,false,5,30,0,0,151,911,0,0
20200511,false,5,30,0,0,151,911,0,0
20200512,false,5,30,0,0,152,917,1,6
20200513,false,5,30,0,0,152,917,0,0
20200514,false,5,30,0,0,153,923,1,6
20200515,false,5,30,0,0,154,929,1,6
20200516,false,5,30,0,0,154,929,0,0
20200517,false,5,30,0,0,154,929,0,0
20200518,false,5,30,0,0,154,929,0,0
20200519,false,5,30,0,0,154,929,0,0
20200520,false,5,30,0,0,165,996,11,66
20200521,false,5,30,0,0,165,996,0,0
20200522,false,5,30,0,0,165,996,0,0
20200523,false,5,30,0,0,165,996,0,0
20200524,false,5,30,0,0,166,1002,1,6
20200525,false,5,30,0,0,166,1002,0,0
20200526,false,5,30,0,0,169,1020,3,18
20200527,false,5,30,0,0,170,1026,1,6
20200528,false,5,30,0,0,172,1038,2,12
20200529,false,5,30,0,0,172,1038,0,0
20200530,false,5,30,0,0,173,1044,1,6
20200531,false,5,30,0,0,173,1044,0,0
20200601,false,5,30,0,0,175,1056,2,12
20200602,false,5,30,0,0,177,1068,2,12
20200603,false,5,30,0,0,178,1074,1,6
20200604,false,5,30,0,0,179,1080,1,6
20200605,false,5,30,0,0,179,1080,0,0
20200606,false,5,30,0,0,179,1080,0,0
20200607,false,5,30,0,0,179,1080,0,0
20200608,false,5,30,0,0,179,1080,0,0
20200609,false,5,30,0,0,180,1086,1,6
20200610,false,5,30,0,0,182,1098,2,12
20200611,false,5,30,0,0,183,1104,1,6
20200612,false,5,30,0,0,184,1110,1,6
20200613,false,5,30,0,0,185,1116,1,6
20200614,false,5,30,0,0,185,1116,0,0
20200615,false,5,30,0,0,185,1116,0,0
20200616,false,5,30,0,0,186,1122,1,6
20200617,false,5,30,0,0,188,1134,2,12
20200618,false,5,30,0,0,193,1165,5,30
20200619,false,5,30,0,0,200,1207,7,42
20200620,false,5,30,0,0,222,1340,22,133
20200621,false,5,30,0,0,222,1340,0,0
20200622,false,5,30,0,0,224,1352,2,12
20200623,false,5,30,0,0,225,1358,1,6
20200624,false,5,30,0,0,231,1394,6,36
20200625,false,5,30,0,0,245,1478,14,84
20200626,false,5,30,0,0,248,1497,3,18
20200627,false,5,30,0,0,248,1497,0,0
20200628,false,5,30,0,0,248,1497,0,0
20200629,false,5,30,0,0,255,1539,7,42
20200630,false,5,30,0,0,259,1563,4,24
20200701,false,5,30,0,0,267,1611,8,48
20200702,false,5,30,0,0,280,1690,13,78
20200703,false,5,30,0,0,286,1726,6,36
20200704,false,5,30,0,0,288,1738,2,12
20200705,false,5,30,0,0,288,1738,0,0
20200706,false,5,30,0,0,301,1816,13,78
20200707,false,5,30,0,0,303,1828,2,12
20200708,false,5,30,0,0,307,1853,4,24
20200709,false,5,30,0,0,309,1865,2,12
20200710,false,5,30,0,0,310,1871,1,6
20200711,false,5,30,0,0,312,1883,2,12
20200712,false,5,30,0,0,312,1883,0,0
20200713,false,5,30,0,0,312,1883,0,0
20200714,false,5,30,0,0,312,1883,0,0
20200715,false,5,30,0,0,313,1889,1,6
20200716,false,5,30,0,0,314,1895,1,6
20200717,false,5,30,0,0,314,1895,0,0
20200718,false,5,30,0,0,315,1901,1,6
20200719,false,5,30,0,0,315,1901,0,0
20200720,false,5,30,0,0,319,1925,4,24
20200721,false,5,30,0,0,327,1973,8,48
20200722,false,5,30,0,0,330,1991,3,18
20200723,false,5,30,0,0,332,2003,2,12
20200724,false,5,30,0,0,337,2034,5,30
20200725,false,5,30,0,0,337,2034,0,0
20200726,false,5,30,0,0,337,2034,0,0
20200727,false,5,30,0,0,346,2088,9,54
20200728,false,5,30,0,0,349,2106,3,18
20200729,false,5,30,0,0,351,2118,2,12
20200730,false,5,30,0,0,354,2136,3,18
20200731,false,5,30,0,0,356,2148,2,12
20200801,false,5,30,0,0,367,2215,11,66
20200802,false,5,30,0,0,367,2215,0,0
20200803,false,5,30,0,0,368,2221,1,6
20200804,false,5,30,0,0,375,2263,7,42
20200805,false,5,30,0,0,389,2347,14,84
20200806,false,5,30,0,0,397,2396,8,48
20200807,false,5,30,0,0,411,2480,14,84
20200808,false,5,30,0,0,412,2486,1,6
20200809,false,5,30,0,0,412,2486,0,0
20200810,false,5,30,0,0,418,2522,6,36
20200811,false,5,30,0,0,434,2619,16,97
20200812,false,5,30,0,0,449,2709,15,91
20200813,false,5,30,0,0,477,2878,28,169
20200814,false,5,30,0,0,502,3029,25,151
20200815,false,5,30,0,0,502,3029,0,0
20200816,false,5,30,0,0,516,3114,14,84
20200817,false,5,30,0,0,558,3367,42,253
20200818,false,5,30,0,0,577,3482,19,115
20200819,false,5,30,0,0,599,3615,22,133
20200820,false,6,36,1,6,704,4248,105,634
20200821,false,7,42,1,6,767,4628,63,380
20200822,false,7,42,0,0,767,4628,0,0
20200823,false,7,42,0,0,820,4948,53,320
20200824,false,7,42,0,0,907,5473,87,525
20200825,false,7,42,0,0,984,5938,77,465
20200826,false,9,54,2,12,1120,6758,136,821
20200827,false,10,60,1,6,1232,7434,112,676
20200828,false,10,60,0,0,1287,7766,55,332
20200829,false,10,60,0,0,1347,8128,60,362
20200830,false,10,60,0,0,1347,8128,0,0
20200831,false,10,60,0,0,1395,8418,48,290
20200901,false,13,78,3,18,1447,8732,52,314
20200902,false,13,78,0,0,1494,9015,47,284
20200903,false,13,78,0,0,1560,9414,66,398
20200904,false,14,84,1,6,1619,9770,59,356
20200905,false,15,91,1,6,1671,10083,52,314
20200906,false,16,97,1,6,1671,10083,0,0
20200907,false,18,109,2,12,1671,10083,0,0
20200908,false,19,115,1,6,1713,10337,42,253
20200909,false,21,127,2,12,1758,10608,45,272
20200910,false,21,127,0,0,1846,11139,88,531
20200911,false,23,139,2,12,1863,11242,17,103
20200912,false,25,151,2,12,1891,11411,28,169
20200913,false,26,157,1,6,1891,11411,0,0
20200914,false,26,157,0,0,1927,11628,36,217
20200915,false,28,169,2,12,1966,11864,39,235
20200916,false,29,175,1,6,2013,12147,47,284
20200917,false,31,187,2,12,2045,12340,32,193
20200918,false,33,199,2,12,2074,12515,29,175
20200919,false,34,205,1,6,2117,12775,43,259
20200920,false,34,205,0,0,2117,12775,0,0
20200921,false,35,211,1,6,2147,12956,30,181
20200922,false,37,223,2,12,2190,13215,43,259
20200923,false,37,223,0,0,2235,13487,45,272
20200924,false,38,229,1,6,2263,13656,28,169
20200925,false,41,247,3,18,2286,13795,23,139
20200926,false,43,259,2,12,2354,14205,68,410
20200927,false,43,259,0,0,2354,14205,0,0
20200928,false,46,278,3,18,2390,14422,36,217
20200929,false,47,284,1,6,2443,14742,53,320
20200930,false,49,296,2,12,2488,15013,45,272
20201001,false,49,296,0,0,2550,15388,62,374
20201002,false,50,302,1,6,2617,15792,67,404
20201003,false,51,308,1,6,2699,16287,82,495
20201004,false,52,314,1,6,2699,16287,0,0
20201005,false,55,332,3,18,2753,16613,54,326
20201006,false,55,332,0,0,2814,16981,61,368
20201007,false,57,344,2,12,2868,17307,54,326
20201008,false,58,350,1,6,2934,17705,66,398
20201009,false,58,350,0,0,2989,18037,55,332
20201010,false,59,356,1,6,3056,18441,67,404
20201011,false,60,362,1,6,3078,18574,22,133
20201012,false,60,362,0,0,3170,19129,92,555
20201013,false,61,368,1,6,3266,19708,96,579
20201014,false,61,368,0,0,3341,20161,75,453
20201015,false,62,374,1,6,3427,20680,86,519
20201016,false,63,380,1,6,3538,21350,111,670
20201017,false,64,386,1,6,3617,21826,79,477
20201018,false,66,398,2,12,3675,22176,58,350
20201019,false,66,398,0,0,3756,22665,81,489
20201020,false,67,404,1,6,3886,23449,130,784
20201021,false,69,416,2,12,3968,23944,82,495
20201022,false,69,416,0,0,4056,24475,88,531
20201023,false,69,416,0,0,4141,24988,85,513
20201024,false,71,428,2,12,4175,25193,34,205
20201025,false,71,428,0,0,4216,25441,41,247
20201026,false,75,453,4,24,4336,26165,120,724
20201027,false,75,453,0,0,4418,26660,82,495
20201028,false,77,465,2,12,4466,26949,48,290
20201029,false,78,471,1,6,4549,27450,83,501
20201030,false,79,477,1,6,4628,27927,79,477
20201031,false,79,477,0,0,4681,28247,53,320
20201101,false,79,477,0,0,4690,28301,9,54
20201102,false,79,477,0,0,4693,28319,3,18
20201103,false,80,483,1,6,4812,29037,119,718
20201104,false,83,501,3,18,4903,29586,91,549
20201105,false,85,513,2,12,5004,30196,101,609
20201106,false,88,531,3,18,5077,30636,73,441
20201107,false,89,537,1,6,5113,30854,36,217
20201108,false,89,537,0,0,5233,31578,120,724
20201109,false,90,543,1,6,5473,33026,240,1448
20201110,false,91,549,1,6,5654,34118,181,1092
20201111,true,92,556,1,7,5844,35266,190,1147
20201112,true,93,564,1,8,6044,36471,200,1205
20201113,true,95,572,1,9,6254,37737,210,1266
20201114,true,96,582,2,10,6474,39067,220,1330
20201115,true,98,592,2,11,6706,40465,232,1397
20201116,true,100,604,2,12,6949,41933,243,1468
20201117,true,102,618,2,14,7205,43475,256,1542
20201118,true,105,633,3,15,7473,45095,268,1620
20201119,true,108,650,3,17,7755,46797,282,1702
20201120,true,111,669,3,19,8051,48585,296,1788
20201121,true,114,691,4,22,8363,50463,311,1878
20201122,true,118,715,4,24,8690,52436,327,1973
20201123,true,123,742,4,27,9033,54508,343,2073
20201124,true,128,773,5,30,9394,56686,361,2177
20201125,true,134,807,6,34,9773,58973,379,2287
20201126,true,140,845,6,38,10171,61376,398,2403
20201127,true,147,888,7,43,10589,63900,418,2524
20201128,true,155,936,8,48,11029,66552,439,2652
20201129,true,164,990,9,54,11490,69338,462,2786
20201130,true,174,1051,10,61,11975,72264,485,2926
20201201,true,186,1119,11,68,12485,75338,509,3074
