date,projected,deaths,deathsPerMillion,deathIncrease,deathIncreasePerMillion,positive,positivePerMillion,positiveIncrease,positiveIncreasePerMillion
20200304,false,0,0,0,0,0,0,0,0
20200305,false,0,0,0,0,0,0,0,0
20200306,false,0,0,0,0,0,0,0,0
20200307,false,0,0,0,0,1,1,1,1
20200308,false,0,0,0,0,1,1,0,0
20200309,false,0,0,0,0,2,1,1,1
20200310,false,0,0,0,0,2,1,0,0
20200311,false,0,0,0,0,2,1,0,0
20200312,false,0,0,0,0,2,1,0,0
20200313,false,0,0,0,0,2,1,0,0
20200314,false,0,0,0,0,2,1,0,0
20200315,false,0,0,0,0,2,1,0,0
20200316,false,0,0,0,0,7,5,5,4
20200317,false,0,0,0,0,10,7,3,2
20200318,false,0,0,0,0,14,10,4,3
20200319,false,0,0,0,0,16,11,2,1
20200320,false,0,0,0,0,26,18,10,7
20200321,false,0,0,0,0,37,26,11,8
20200322,false,0,0,0,0,48,34,11,8
20200323,false,0,0,0,0,56,40,8,6
20200324,false,0,0,0,0,77,54,21,15
20200325,false,0,0,0,0,90,64,13,9
20200326,false,0,0,0,0,95,67,5,4
20200327,false,0,0,0,0,106,75,11,8
20200328,false,0,0,0,0,120,85,14,10
20200329,false,0,0,0,0,151,107,31,22
20200330,false,0,0,0,0,175,124,24,17
20200331,false,0,0,0,0,204,144,29,20
20200401,false,1,1,1,1,208,147,4,3
20200402,false,1,1,0,0,258,182,50,35
20200403,false,2,1,1,1,285,201,27,19
20200404,false,3,2,1,1,319,225,34,24
20200405,false,4,3,1,1,351,248,32,23
20200406,false,4,3,0,0,371,262,20,14
20200407,false,5,4,1,1,387,273,16,11
20200408,false,5,4,0,0,410,290,23,16
20200409,false,5,4,0,0,435,307,25,18
20200410,false,6,4,1,1,442,312,7,5
20200411,false,8,6,2,1,465,328,23,16
20200412,false,8,6,0,0,486,343,21,15
20200413,false,9,6,1,1,499,352,13,9
20200414,false,9,6,0,0,504,356,5,4
20200415,false,9,6,0,0,517,365,13,9
20200416,false,9,6,0,0,530,374,13,9
20200417,false,9,6,0,0,541,382,11,8
20200418,false,9,6,0,0,553,391,12,8
20200419,false,9,6,0,0,574,405,21,15
20200420,false,10,7,1,1,580,410,6,4
20200421,false,10,7,0,0,584,412,4,3
20200422,false,12,8,2,1,586,414,2,1
20200423,false,12,8,0,0,592,418,6,4
20200424,false,12,8,0,0,596,421,4,3
20200425,false,13,9,1,1,601,424,5,4
20200426,false,14,10,1,1,603,426,2,1
20200427,false,14,10,0,0,606,428,3,2
20200428,false,16,11,2,1,607,429,1,1
20200429,false,16,11,0,0,609,430,2,1
20200430,false,16,11,0,0,613,433,4,3
20200501,false,16,11,0,0,618,436,5,4
20200502,false,16,11,0,0,619,437,1,1
20200503,false,16,11,0,0,620,438,1,1
20200504,false,17,12,1,1,620,438,0,0
20200505,false,17,12,0,0,621,439,1,1
20200506,false,17,12,0,0,625,441,4,3
20200507,false,17,12,0,0,626,442,1,1
20200508,false,17,12,0,0,629,444,3,2
20200509,false,17,12,0,0,629,444,0,0
20200510,false,17,12,0,0,631,446,2,1
20200511,false,17,12,0,0,632,446,1,1
20200512,false,17,12,0,0,634,448,2,1
20200513,false,17,12,0,0,635,448,1,1
20200514,false,17,12,0,0,638,451,3,2
20200515,false,17,12,0,0,637,450,-1,-1
20200516,false,17,12,0,0,638,451,1,1
20200517,false,17,12,0,0,639,451,1,1
20200518,false,17,12,0,0,640,452,1,1
20200519,false,17,12,0,0,640,452,0,0
20200520,false,17,12,0,0,641,453,1,1
20200521,false,17,12,0,0,643,454,2,1
20200522,false,17,12,0,0,647,457,4,3
20200523,false,17,12,0,0,642,453,-5,-4
20200524,false,17,12,0,0,643,454,1,1
20200525,false,17,12,0,0,643,454,0,0
20200526,false,17,12,0,0,643,454,0,0
20200527,false,17,12,0,0,643,454,0,0
20200528,false,17,12,0,0,644,455,1,1
20200529,false,17,12,0,0,647,457,3,2
20200530,false,17,12,0,0,649,458,2,1
20200531,false,17,12,0,0,651,460,2,1
20200601,false,17,12,0,0,652,460,1,1
20200602,false,17,12,0,0,652,460,0,0
20200603,false,17,12,0,0,653,461,1,1
20200604,false,17,12,0,0,653,461,0,0
20200605,false,17,12,0,0,655,463,2,1
20200606,false,17,12,0,0,664,469,9,6
20200607,false,17,12,0,0,673,475,9,6
20200608,false,17,12,0,0,675,477,2,1
20200609,false,17,12,0,0,676,477,1,1
20200610,false,17,12,0,0,682,482,6,4
20200611,false,17,12,0,0,685,484,3,2
20200612,false,17,12,0,0,692,489,7,5
20200613,false,17,12,0,0,706,499,14,10
20200614,false,17,12,0,0,723,511,17,12
20200615,false,17,12,0,0,728,514,5,4
20200616,false,17,12,0,0,736,520,8,6
20200617,false,17,12,0,0,740,523,4,3
20200618,false,17,12,0,0,744,525,4,3
20200619,false,17,12,0,0,762,538,18,13
20200620,false,17,12,0,0,789,557,27,19
20200621,false,17,12,0,0,803,567,14,10
20200622,false,17,12,0,0,814,575,11,8
20200623,false,17,12,0,0,816,576,2,1
20200624,false,17,12,0,0,819,578,3,2
20200625,false,17,12,0,0,835,590,16,11
20200626,false,17,12,0,0,850,600,15,11
20200627,false,17,12,0,0,866,612,16,11
20200628,false,18,13,1,1,872,616,6,4
20200629,false,18,13,0,0,899,635,27,19
20200630,false,18,13,0,0,900,636,1,1
20200701,false,18,13,0,0,917,648,17,12
20200702,false,18,13,0,0,926,654,9,6
20200703,false,18,13,0,0,946,668,20,14
20200704,false,19,13,1,1,975,689,29,20
20200705,false,19,13,0,0,999,706,24,17
20200706,false,19,13,0,0,1023,723,24,17
20200707,false,19,13,0,0,1030,727,7,5
20200708,false,19,13,0,0,1071,756,41,29
20200709,false,19,13,0,0,1094,773,23,16
20200710,false,19,13,0,0,1130,798,36,25
20200711,false,19,13,0,0,1158,818,28,20
20200712,false,19,13,0,0,1200,848,42,30
20200713,false,19,13,0,0,1220,862,20,14
20200714,false,22,16,3,2,1243,878,23,16
20200715,false,22,16,0,0,1264,893,21,15
20200716,false,22,16,0,0,1292,913,28,20
20200717,false,22,16,0,0,1311,926,19,13
20200718,false,23,16,1,1,1334,942,23,16
20200719,false,24,17,1,1,1354,956,20,14
20200720,false,24,17,0,0,1381,975,27,19
20200721,false,24,17,0,0,1393,984,12,8
20200722,false,24,17,0,0,1418,1002,25,18
20200723,false,25,18,1,1,1435,1014,17,12
20200724,false,26,18,1,1,1490,1052,55,39
20200725,false,26,18,0,0,1549,1094,59,42
20200726,false,26,18,0,0,1620,1144,71,50
20200727,false,26,18,0,0,1683,1189,63,44
20200728,false,26,18,0,0,1711,1208,28,20
20200729,false,26,18,0,0,1757,1241,46,32
20200730,false,26,18,0,0,1865,1317,108,76
20200731,false,26,18,0,0,1989,1405,124,88
20200801,false,26,18,0,0,2111,1491,122,86
20200802,false,26,18,0,0,2197,1552,86,61
20200803,false,26,18,0,0,2242,1583,45,32
20200804,false,26,18,0,0,2448,1729,206,145
20200805,false,27,19,1,1,2591,1830,143,101
20200806,false,27,19,0,0,2763,1951,172,121
20200807,false,29,20,2,1,2914,2058,151,107
20200808,false,31,22,2,1,3115,2200,201,142
20200809,false,31,22,0,0,3346,2363,231,163
20200810,false,31,22,0,0,3498,2471,152,107
20200811,false,34,24,3,2,3638,2569,140,99
20200812,false,38,27,4,3,3958,2795,320,226
20200813,false,40,28,2,1,4312,3045,354,250
20200814,false,40,28,0,0,4312,3045,0,0
20200815,false,40,28,0,0,4543,3209,231,163
20200816,false,40,28,0,0,4825,3408,282,199
20200817,false,40,28,0,0,5042,3561,217,153
20200818,false,40,28,0,0,5215,3683,173,122
20200819,false,42,30,2,1,5609,3962,394,278
20200820,false,45,32,3,2,5844,4127,235,166
20200821,false,45,32,0,0,5844,4127,0,0
20200822,false,46,32,1,1,6072,4289,228,161
20200823,false,47,33,1,1,6356,4489,284,201
20200824,false,47,33,0,0,6600,4661,244,172
20200825,false,49,35,2,1,6984,4933,384,271
20200826,false,49,35,0,0,6984,4933,0,0
20200827,false,51,36,2,1,7260,5128,276,195
20200828,false,55,39,4,3,7566,5344,306,216
20200829,false,59,42,4,3,7830,5530,264,186
20200830,false,62,44,3,2,8139,5748,309,218
20200831,false,63,44,1,1,8339,5890,200,141
20200901,false,70,49,7,5,8472,5984,133,94
20200902,false,74,52,4,3,8653,6111,181,128
20200903,false,75,53,1,1,8991,6350,338,239
20200904,false,79,56,4,3,9202,6499,211,149
20200905,false,81,57,2,1,9473,6691,271,191
20200906,false,84,59,3,2,9693,6846,220,155
20200907,false,85,60,1,1,9855,6960,162,114
20200908,false,86,61,1,1,9959,7034,104,73
20200909,false,88,62,2,1,10156,7173,197,139
20200910,false,91,64,3,2,10254,7242,98,69
20200911,false,94,66,3,2,10423,7362,169,119
20200912,false,96,68,2,1,10593,7482,170,120
20200913,false,97,69,1,1,10722,7573,129,91
20200914,false,99,70,2,1,10834,7652,112,79
20200915,false,99,70,0,0,10913,7708,79,56
20200916,false,100,71,1,1,10978,7754,65,46
20200917,false,103,73,3,2,11080,7826,102,72
20200918,false,107,76,4,3,11239,7938,159,112
20200919,false,120,85,13,9,11376,8035,137,97
20200920,false,120,85,0,0,11485,8112,109,77
20200921,false,120,85,0,0,11562,8166,77,54
20200922,false,120,85,0,0,11618,8206,56,40
20200923,false,120,85,0,0,11681,8250,63,44
20200924,false,122,86,2,1,11848,8368,167,118
20200925,false,124,88,2,1,11938,8432,90,64
20200926,false,127,90,3,2,12070,8525,132,93
20200927,false,131,93,4,3,12197,8614,127,90
20200928,false,132,93,1,1,12295,8684,98,69
20200929,false,132,93,0,0,12382,8745,87,61
20200930,false,132,93,0,0,12469,8807,87,61
20201001,false,136,96,4,3,12589,8891,120,85
20201002,false,139,98,3,2,12694,8965,105,74
20201003,false,142,100,3,2,12788,9032,94,66
20201004,false,153,108,11,8,12921,9126,133,94
20201005,false,156,110,3,2,12991,9175,70,49
20201006,false,157,111,1,1,13041,9211,50,35
20201007,false,160,113,3,2,13124,9269,83,59
20201008,false,163,115,3,2,13232,9345,108,76
20201009,false,164,116,1,1,13333,9417,101,71
20201010,false,166,117,2,1,13498,9533,165,117
20201011,false,168,119,2,1,13569,9583,71,50
20201012,false,169,119,1,1,13670,9655,101,71
20201013,false,169,119,0,0,13712,9684,42,30
20201014,false,173,122,4,3,13773,9728,61,43
20201015,false,183,129,10,7,13872,9797,99,70
20201016,false,184,130,1,1,13962,9861,90,64
20201017,false,185,131,1,1,14047,9921,85,60
20201018,false,186,131,1,1,14143,9989,96,68
20201019,false,187,132,1,1,14225,10047,82,58
20201020,false,187,132,0,0,14262,10073,37,26
20201021,false,189,133,2,1,14350,10135,88,62
20201022,false,203,143,14,10,14427,10189,77,54
20201023,false,206,145,3,2,14529,10262,102,72
20201024,false,209,148,3,2,14669,10360,140,99
20201025,false,212,150,3,2,14758,10423,89,63
20201026,false,212,150,0,0,14877,10507,119,84
20201027,false,212,150,0,0,14914,10533,37,26
20201028,false,215,152,3,2,14978,10579,64,45
20201029,false,213,150,-2,-1,15039,10622,61,43
20201030,false,215,152,2,1,15116,10676,77,54
20201031,false,216,153,1,1,15216,10747,100,71
20201101,false,219,155,3,2,15284,10795,68,48
20201102,false,219,155,0,0,15367,10853,83,59
20201103,false,219,155,0,0,15444,10908,77,54
20201104,false,219,155,0,0,15531,10969,87,61
20201105,false,219,155,0,0,15686,11079,155,109
20201106,false,219,155,0,0,15785,11149,99,70
20201107,false,219,155,0,0,15923,11246,138,97
20201108,false,220,155,1,1,16051,11336,128,90
20201109,false,221,156,1,1,16179,11427,128,90
20201110,false,221,156,0,0,16242,11471,63,44
20201111,true,222,157,1,1,16337,11538,95,67
20201112,true,223,158,1,1,16432,11606,95,67
20201113,true,224,158,1,1,16527,11673,95,67
20201114,true,225,159,1,1,16622,11740,95,67
20201115,true,226,160,1,1,16717,11807,95,67
20201116,true,227,160,1,1,16812,11874,95,67
20201117,true,228,161,1,1,16907,11941,95,67
20201118,true,229,162,1,1,17002,12008,95,67
20201119,true,230,162,1,1,17097,12075,95,67
20201120,true,231,163,1,1,17192,12142,95,67
20201121,true,232,164,1,1,17287,12209,95,67
20201122,true,233,165,1,1,17382,12277,95,67
20201123,true,234,165,1,1,17477,12344,95,67
20201124,true,235,166,1,1,17572,12411,95,67
20201125,true,236,167,1,1,17667,12478,95,67
20201126,true,237,167,1,1,17762,12545,95,67
20201127,true,238,168,1,1,17857,12612,95,67
20201128,true,239,169,1,1,17952,12679,95,67
20201129,true,240,170,1,1,18047,12746,95,67
20201130,true,241,170,1,1,18142,12813,95,67
20201201,true,242,171,1,1,18237,12880,95,67