date,projected,deaths,deathsPerMillion,deathIncrease,deathIncreasePerMillion,positive,positivePerMillion,positiveIncrease,positiveIncreasePerMillion
20200227,false,0,0,0,0,0,0,0,0
20200228,false,0,0,0,0,0,0,0,0
20200229,false,0,0,0,0,0,0,0,0
20200301,false,0,0,0,0,0,0,0,0
20200302,false,0,0,0,0,0,0,0,0
20200303,false,0,0,0,0,0,0,0,0
20200304,false,0,0,0,0,0,0,0,0
20200305,false,0,0,0,0,0,0,0,0
20200306,false,0,0,0,0,1,0,1,0
20200307,false,0,0,0,0,1,0,0,0
20200308,false,0,0,0,0,2,0,1,0
20200309,false,0,0,0,0,2,0,0,0
20200310,false,0,0,0,0,6,1,4,1
20200311,false,0,0,0,0,10,1,4,1
20200312,false,0,0,0,0,12,2,2,0
20200313,false,0,0,0,0,12,2,0,0
20200314,false,0,0,0,0,15,2,3,0
20200315,false,0,0,0,0,19,3,4,1
20200316,false,1,0,1,0,24,4,5,1
20200317,false,2,0,1,0,30,4,6,1
20200318,false,2,0,0,0,39,6,9,1
20200319,false,2,0,0,0,56,8,17,3
20200320,false,2,0,0,0,79,12,23,3
20200321,false,4,1,2,0,126,19,47,7
20200322,false,6,1,2,0,201,30,75,11
20200323,false,7,1,1,0,259,38,58,9
20200324,false,12,2,5,1,365,54,106,16
20200325,false,14,2,2,0,477,71,112,17
20200326,false,17,3,3,0,645,96,168,25
20200327,false,24,4,7,1,981,146,336,50
20200328,false,31,5,7,1,1232,183,251,37
20200329,false,32,5,1,0,1514,225,282,42
20200330,false,35,5,3,0,1786,265,272,40
20200331,false,49,7,14,2,2159,321,373,55
20200401,false,65,10,16,2,2565,381,406,60
20200402,false,78,12,13,2,3039,451,474,70
20200403,false,102,15,24,4,3437,511,398,59
20200404,false,116,17,14,2,3953,587,516,77
20200405,false,127,19,11,2,4411,655,458,68
20200406,false,139,21,12,2,4944,734,533,79
20200407,false,173,26,34,5,5507,818,563,84
20200408,false,203,30,30,4,5943,883,436,65
20200409,false,245,36,42,6,6351,943,408,61
20200410,false,300,45,55,8,6907,1026,556,83
20200411,false,330,49,30,4,7435,1104,528,78
20200412,false,343,51,13,2,7928,1178,493,73
20200413,false,350,52,7,1,8236,1223,308,46
20200414,false,388,58,38,6,8527,1267,291,43
20200415,false,436,65,48,7,8955,1330,428,64
20200416,false,477,71,41,6,9542,1417,587,87
20200417,false,519,77,42,6,10154,1508,612,91
20200418,false,545,81,26,4,10641,1581,487,72
20200419,false,562,83,17,3,11210,1665,569,85
20200420,false,569,85,7,1,11686,1736,476,71
20200421,false,630,94,61,9,12097,1797,411,61
20200422,false,661,98,31,5,12438,1848,341,51
20200423,false,706,105,45,7,13039,1937,601,89
20200424,false,741,110,35,5,13680,2032,641,95
20200425,false,785,117,44,7,14395,2138,715,106
20200426,false,813,121,28,4,15012,2230,617,92
20200427,false,844,125,31,5,15961,2371,949,141
20200428,false,901,134,57,8,16588,2464,627,93
20200429,false,1065,158,164,24,17182,2552,594,88
20200430,false,1114,165,49,7,17835,2649,653,97
20200501,false,1175,175,61,9,18630,2767,795,118
20200502,false,1229,183,54,8,19295,2866,665,99
20200503,false,1246,185,17,3,19933,2961,638,95
20200504,false,1264,188,18,3,20507,3046,574,85
20200505,false,1326,197,62,9,21033,3124,526,78
20200506,false,1377,205,51,8,21870,3249,837,124
20200507,false,1414,210,37,5,22503,3343,633,94
20200508,false,1447,215,33,5,23146,3438,643,96
20200509,false,1490,221,43,6,23732,3525,586,87
20200510,false,1508,224,18,3,24126,3584,394,59
20200511,false,1540,229,32,5,24627,3658,501,74
20200512,false,1578,234,38,6,25127,3732,500,74
20200513,false,1619,240,41,6,25473,3784,346,51
20200514,false,1646,244,27,4,26053,3870,580,86
20200515,false,1691,251,45,7,26655,3959,602,89
20200516,false,1741,259,50,7,27280,4052,625,93
20200517,false,1751,260,10,1,27778,4126,498,74
20200518,false,1765,262,14,2,28255,4197,477,71
20200519,false,1824,271,59,9,28705,4264,450,67
20200520,false,1864,277,40,6,29274,4348,569,85
20200521,false,1913,284,49,7,29936,4447,662,98
20200522,false,1941,288,28,4,30409,4517,473,70
20200523,false,1943,289,2,0,30901,4590,492,73
20200524,false,1976,294,33,5,31376,4661,475,71
20200525,false,1976,294,0,0,31715,4711,339,50
20200526,false,2004,298,28,4,32078,4765,363,54
20200527,false,2030,302,26,4,32437,4818,359,53
20200528,false,2068,307,38,6,33068,4912,631,94
20200529,false,2110,313,42,6,33558,4985,490,73
20200530,false,2125,316,15,2,34211,5082,653,97
20200531,false,2134,317,9,1,34574,5136,363,54
20200601,false,2142,318,8,1,34830,5174,256,38
20200602,false,2197,326,55,8,35237,5234,407,60
20200603,false,2207,328,10,1,35712,5305,475,71
20200604,false,2231,331,24,4,36096,5362,384,57
20200605,false,2258,335,27,4,36578,5433,482,72
20200606,false,2292,340,34,5,36997,5496,419,62
20200607,false,2303,342,11,2,37397,5555,400,59
20200608,false,2316,344,13,2,37623,5588,226,34
20200609,false,2339,347,23,3,38033,5649,410,61
20200610,false,2355,350,16,2,38337,5695,304,45
20200611,false,2380,354,25,4,38748,5756,411,61
20200612,false,2396,356,16,2,39146,5815,398,59
20200613,false,2413,358,17,3,39543,5874,397,59
20200614,false,2422,360,9,1,39909,5928,366,54
20200615,false,2433,361,11,2,40430,6005,521,77
20200616,false,2447,363,14,2,40786,6058,356,53
20200617,false,2475,368,28,4,41013,6092,227,34
20200618,false,2491,370,16,2,41438,6155,425,63
20200619,false,2516,374,25,4,41746,6201,308,46
20200620,false,2536,377,20,3,42061,6248,315,47
20200621,false,2540,377,4,1,42423,6301,362,54
20200622,false,2553,379,13,2,42633,6333,210,31
20200623,false,2569,382,16,2,42871,6368,238,35
20200624,false,2578,383,9,1,43140,6408,269,40
20200625,false,2586,384,8,1,43655,6484,515,76
20200626,false,2595,385,9,1,44140,6557,485,72
20200627,false,2616,389,21,3,44575,6621,435,65
20200628,false,2619,389,3,0,44930,6674,355,53
20200629,false,2624,390,5,1,45228,6718,298,44
20200630,false,2640,392,16,2,45594,6773,366,54
20200701,false,2650,394,10,1,45952,6826,358,53
20200702,false,2662,395,12,2,46387,6890,435,65
20200703,false,2681,398,19,3,46915,6969,528,78
20200704,false,2687,399,6,1,47432,7046,517,77
20200705,false,2693,400,6,1,48008,7131,576,86
20200706,false,2698,401,5,1,48331,7179,323,48
20200707,false,2717,404,19,3,48626,7223,295,44
20200708,false,2732,406,15,2,49063,7288,437,65
20200709,false,2739,407,7,1,49575,7364,512,76
20200710,false,2748,408,9,1,50300,7472,725,108
20200711,false,2756,409,8,1,51079,7587,779,116
20200712,false,2760,410,4,1,51612,7666,533,79
20200713,false,2762,410,2,0,52037,7730,425,63
20200714,false,2775,412,13,2,52685,7826,648,96
20200715,false,2785,414,10,1,53370,7928,685,102
20200716,false,2795,415,10,1,54080,8033,710,105
20200717,false,2803,416,8,1,54813,8142,733,109
20200718,false,2820,419,17,3,55654,8267,841,125
20200719,false,2822,419,2,0,56571,8403,917,136
20200720,false,2825,420,3,0,57206,8497,635,94
20200721,false,2846,423,21,3,57916,8603,710,105
20200722,false,2863,425,17,3,58673,8715,757,112
20200723,false,2880,428,17,3,59602,8853,929,138
20200724,false,2884,428,4,1,60598,9001,996,148
20200725,false,2895,430,11,2,61520,9138,922,137
20200726,false,2903,431,8,1,62372,9265,852,127
20200727,false,2906,432,3,0,62907,9344,535,79
20200728,false,2924,434,18,3,63678,9459,771,115
20200729,false,2932,436,8,1,64299,9551,621,92
20200730,false,2946,438,14,2,65253,9693,954,142
20200731,false,2965,440,19,3,66154,9826,901,134
20200801,false,2971,441,6,1,67122,9970,968,144
20200802,false,2975,442,4,1,67857,10079,735,109
20200803,false,2980,443,5,1,68433,10165,576,86
20200804,false,2996,445,16,2,69255,10287,822,122
20200805,false,3007,447,11,2,69975,10394,720,107
20200806,false,3013,448,6,1,71015,10549,1040,154
20200807,false,3023,449,10,1,72254,10733,1239,184
20200808,false,3036,451,13,2,73287,10886,1033,153
20200809,false,3041,452,5,1,74328,11041,1041,155
20200810,false,3044,452,3,0,74992,11139,664,99
20200811,false,3069,456,25,4,75862,11268,870,129
20200812,false,3086,458,17,3,76522,11367,660,98
20200813,false,3105,461,19,3,77565,11521,1043,155
20200814,false,3113,462,8,1,78632,11680,1067,158
20200815,false,3128,465,15,2,79676,11835,1044,155
20200816,false,3133,465,5,1,80415,11945,739,110
20200817,false,3135,466,2,0,81006,12033,591,88
20200818,false,3165,470,30,4,81847,12158,841,125
20200819,false,3180,472,15,2,82336,12230,489,73
20200820,false,3191,474,11,2,83277,12370,941,140
20200821,false,3208,477,17,3,84317,12524,1040,154
20200822,false,3218,478,10,1,85317,12673,1000,149
20200823,false,3220,478,2,0,85932,12764,615,91
20200824,false,3225,479,5,1,87592,13011,1660,247
20200825,false,3241,481,16,2,88421,13134,829,123
20200826,false,3259,484,18,3,89359,13273,938,139
20200827,false,3266,485,7,1,90504,13443,1145,170
20200828,false,3277,487,11,2,91313,13564,809,120
20200829,false,3285,488,8,1,92434,13730,1121,167
20200830,false,3291,489,6,1,93313,13861,879,131
20200831,false,3296,490,5,1,94196,13992,883,131
20200901,false,3312,492,16,2,94891,14095,695,103
20200902,false,3325,494,13,2,95750,14223,859,128
20200903,false,3332,495,7,1,96854,14387,1104,164
20200904,false,3350,498,18,3,97884,14540,1030,153
20200905,false,3362,499,12,2,98961,14700,1077,160
20200906,false,3364,500,2,0,99804,14825,843,125
20200907,false,3368,500,4,1,100394,14912,590,88
20200908,false,3380,502,12,2,100780,14970,386,57
20200909,false,3397,505,17,3,101485,15075,705,105
20200910,false,3410,507,13,2,102243,15187,758,113
20200911,false,3420,508,10,1,103505,15375,1262,187
20200912,false,3437,511,17,3,104561,15531,1056,157
20200913,false,3438,511,1,0,105804,15716,1243,185
20200914,false,3439,511,1,0,106540,15825,736,109
20200915,false,3460,514,21,3,107229,15928,689,102
20200916,false,3472,516,12,2,107809,16014,580,86
20200917,false,3478,517,6,1,108646,16138,837,124
20200918,false,3495,519,17,3,109683,16292,1037,154
20200919,false,3503,520,8,1,110759,16452,1076,160
20200920,false,3506,521,3,0,111505,16563,746,111
20200921,false,3512,522,6,1,112027,16640,522,78
20200922,false,3520,523,8,1,112626,16729,599,89
20200923,false,3530,524,10,1,113337,16835,711,106
20200924,false,3548,527,18,3,114236,16969,899,134
20200925,false,3566,530,18,3,115407,17142,1171,174
20200926,false,3577,531,11,2,116549,17312,1142,170
20200927,false,3580,532,3,0,117450,17446,901,134
20200928,false,3591,533,11,2,118322,17575,872,130
20200929,false,3612,537,21,3,119066,17686,744,111
20200930,false,3632,539,20,3,120019,17828,953,142
20201001,false,3645,541,13,2,121176,17999,1157,172
20201002,false,3656,543,11,2,122640,18217,1464,217
20201003,false,3669,545,13,2,124059,18428,1419,211
20201004,false,3674,546,5,1,125146,18589,1087,161
20201005,false,3681,547,7,1,125976,18712,830,123
20201006,false,3711,551,30,4,126946,18856,970,144
20201007,false,3727,554,16,2,128227,19047,1281,190
20201008,false,3742,556,15,2,129677,19262,1450,215
20201009,false,3761,559,19,3,131493,19532,1816,270
20201010,false,3782,562,21,3,133411,19817,1918,285
20201011,false,3789,563,7,1,134981,20050,1570,233
20201012,false,3795,564,6,1,136555,20284,1574,234
20201013,false,3822,568,27,4,138104,20514,1549,230
20201014,false,3836,570,14,2,139269,20687,1165,173
20201015,false,3864,574,28,4,141212,20976,1943,289
20201016,false,3887,577,23,3,143495,21315,2283,339
20201017,false,3918,582,31,5,145977,21683,2482,369
20201018,false,3937,585,19,3,147582,21922,1605,238
20201019,false,3960,588,23,3,149166,22157,1584,235
20201020,false,4008,595,48,7,150664,22380,1498,223
20201021,false,4023,598,15,2,152396,22637,1732,257
20201022,false,4065,604,42,6,155246,23060,2850,423
20201023,false,4092,608,27,4,157713,23427,2467,366
20201024,false,4118,612,26,4,160454,23834,2741,407
20201025,false,4130,613,12,2,162607,24154,2153,320
20201026,false,4143,615,13,2,164581,24447,1974,293
20201027,false,4194,623,51,8,166564,24741,1983,295
20201028,false,4227,628,33,5,169112,25120,2548,378
20201029,false,4260,633,33,5,172730,25657,3618,537
20201030,false,4286,637,26,4,175893,26127,3163,470
20201031,false,4332,643,46,7,179358,26642,3465,515
20201101,false,4364,648,32,5,182108,27050,2750,408
20201102,false,4390,652,26,4,185185,27507,3077,457
20201103,false,4439,659,49,7,188066,27935,2881,428
20201104,false,4464,663,25,4,191764,28485,3698,549
20201105,false,4511,670,47,7,196176,29140,4412,655
20201106,false,4547,675,36,5,200823,29830,4647,690
20201107,false,4592,682,45,7,205722,30558,4899,728
20201108,false,4629,688,37,5,210374,31249,4652,691
20201109,false,4664,693,35,5,214509,31863,4135,614
20201110,false,4731,703,67,10,219338,32580,4829,717
20201111,true,4769,708,38,6,223108,33140,3770,560
20201112,true,4807,714,38,6,226878,33700,3770,560
20201113,true,4845,720,38,6,230648,34260,3770,560
20201114,true,4883,725,38,6,234418,34820,3770,560
20201115,true,4921,731,38,6,238188,35380,3770,560
20201116,true,4959,737,38,6,241958,35940,3770,560
20201117,true,4997,742,38,6,245728,36500,3770,560
20201118,true,5035,748,38,6,249498,37060,3770,560
20201119,true,5073,754,38,6,253268,37620,3770,560
20201120,true,5111,759,38,6,257038,38180,3770,560
20201121,true,5149,765,38,6,260808,38740,3770,560
20201122,true,5187,770,38,6,264578,39300,3770,560
20201123,true,5225,776,38,6,268348,39860,3770,560
20201124,true,5263,782,38,6,272118,40420,3770,560
20201125,true,5301,787,38,6,275888,40980,3770,560
20201126,true,5339,793,38,6,279658,41540,3770,560
20201127,true,5377,799,38,6,283428,42100,3770,560
20201128,true,5415,804,38,6,287198,42660,3770,560
20201129,true,5453,810,38,6,290968,43220,3770,560
20201130,true,5491,816,38,6,294738,43780,3770,560
20201201,true,5529,821,38,6,298508,44340,3770,560