date,projected,deaths,deathsPerMillion,deathIncrease,deathIncreasePerMillion,positive,positivePerMillion,positiveIncrease,positiveIncreasePerMillion
20200306,false,0,0,0,0,0,0,0,0
20200307,false,0,0,0,0,1,0,1,0
20200308,false,0,0,0,0,1,0,0,0
20200309,false,0,0,0,0,4,1,3,1
20200310,false,0,0,0,0,6,1,2,0
20200311,false,0,0,0,0,8,2,2,0
20200312,false,0,0,0,0,8,2,0,0
20200313,false,0,0,0,0,11,2,3,1
20200314,false,1,0,1,0,14,3,3,1
20200315,false,1,0,0,0,16,4,2,0
20200316,false,1,0,0,0,21,5,5,1
20200317,false,1,0,0,0,22,5,1,0
20200318,false,1,0,0,0,26,6,4,1
20200319,false,1,0,0,0,35,8,9,2
20200320,false,1,0,0,0,47,11,12,3
20200321,false,2,0,1,0,54,12,7,2
20200322,false,3,1,1,0,99,22,45,10
20200323,false,3,1,0,0,104,23,5,1
20200324,false,4,1,1,0,124,28,20,4
20200325,false,4,1,0,0,157,35,33,7
20200326,false,4,1,0,0,198,44,41,9
20200327,false,6,1,2,0,248,56,50,11
20200328,false,8,2,2,0,302,68,54,12
20200329,false,9,2,1,0,394,88,92,21
20200330,false,9,2,0,0,439,98,45,10
20200331,false,11,2,2,0,480,107,41,9
20200401,false,17,4,6,1,591,132,111,25
20200402,false,20,4,3,1,680,152,89,20
20200403,false,31,7,11,2,770,172,90,20
20200404,false,37,8,6,1,831,186,61,14
20200405,false,40,9,3,1,917,205,86,19
20200406,false,45,10,5,1,955,214,38,9
20200407,false,59,13,14,3,1008,226,53,12
20200408,false,65,15,6,1,1149,257,141,32
20200409,false,73,16,8,2,1346,301,197,44
20200410,false,90,20,17,4,1693,379,347,78
20200411,false,90,20,0,0,1693,379,0,0
20200412,false,94,21,4,1,1840,412,147,33
20200413,false,97,22,3,1,1963,439,123,28
20200414,false,104,23,7,2,2048,458,85,19
20200415,false,115,26,11,2,2210,495,162,36
20200416,false,122,27,7,2,2291,513,81,18
20200417,false,129,29,7,2,2429,544,138,31
20200418,false,137,31,8,2,2522,564,93,21
20200419,false,144,32,7,2,2707,606,185,41
20200420,false,148,33,4,1,2960,663,253,57
20200421,false,154,34,6,1,3050,683,90,20
20200422,false,171,38,17,4,3192,714,142,32
20200423,false,185,41,14,3,3373,755,181,41
20200424,false,191,43,6,1,3481,779,108,24
20200425,false,200,45,9,2,3779,846,298,67
20200426,false,205,46,5,1,3905,874,126,28
20200427,false,208,47,3,1,4074,912,169,38
20200428,false,213,48,5,1,4146,928,72,16
20200429,false,225,50,12,3,4375,979,229,51
20200430,false,235,53,10,2,4539,1016,164,37
20200501,false,240,54,5,1,4708,1054,169,38
20200502,false,248,56,8,2,4879,1092,171,38
20200503,false,248,56,0,0,4879,1092,0,0
20200504,false,253,57,5,1,5130,1148,251,56
20200505,false,261,58,8,2,5245,1174,115,26
20200506,false,275,62,14,3,5822,1303,577,129
20200507,false,283,63,8,2,5934,1328,112,25
20200508,false,294,66,11,2,6129,1372,195,44
20200509,false,298,67,4,1,6288,1407,159,36
20200510,false,304,68,6,1,6440,1441,152,34
20200511,false,304,68,0,0,6440,1441,0,0
20200512,false,311,70,7,2,6677,1495,237,53
20200513,false,321,72,10,2,6853,1534,176,39
20200514,false,326,73,5,1,7080,1585,227,51
20200515,false,328,73,2,0,7225,1617,145,32
20200516,false,332,74,4,1,7444,1666,219,49
20200517,false,334,75,2,0,7688,1721,244,55
20200518,false,334,75,0,0,7688,1721,0,0
20200519,false,366,82,32,7,8069,1806,381,85
20200520,false,366,82,0,0,8069,1806,0,0
20200521,false,376,84,10,2,8275,1852,206,46
20200522,false,386,86,10,2,8286,1855,11,2
20200523,false,391,88,5,1,8426,1886,140,31
20200524,false,391,88,0,0,8571,1918,145,32
20200525,false,391,88,0,0,8571,1918,0,0
20200526,false,391,88,0,0,8571,1918,0,0
20200527,false,400,90,9,2,9077,2032,506,113
20200528,false,400,90,0,0,9077,2032,0,0
20200529,false,409,92,9,2,9184,2056,107,24
20200530,false,418,94,9,2,9464,2118,280,63
20200531,false,431,96,13,3,9704,2172,240,54
20200601,false,439,98,8,2,10046,2249,342,77
20200602,false,442,99,3,1,10185,2280,139,31
20200603,false,450,101,8,2,10410,2330,225,50
20200604,false,458,103,8,2,10705,2396,295,66
20200605,false,466,104,8,2,10977,2457,272,61
20200606,false,470,105,4,1,11287,2526,310,69
20200607,false,470,105,0,0,11287,2526,0,0
20200608,false,472,106,2,0,11476,2569,189,42
20200609,false,477,107,5,1,11708,2621,232,52
20200610,false,484,108,7,2,11883,2660,175,39
20200611,false,493,110,9,2,11945,2674,62,14
20200612,false,493,110,0,0,11945,2674,0,0
20200613,false,499,112,6,1,12445,2786,500,112
20200614,false,499,112,0,0,12445,2786,0,0
20200615,false,505,113,6,1,12647,2831,202,45
20200616,false,512,115,7,2,12829,2872,182,41
20200617,false,518,116,6,1,12995,2909,166,37
20200618,false,520,116,2,0,13197,2954,202,45
20200619,false,522,117,2,0,13454,3011,257,58
20200620,false,524,117,2,0,13630,3051,176,39
20200621,false,526,118,2,0,13750,3078,120,27
20200622,false,526,118,0,0,13839,3098,89,20
20200623,false,537,120,11,2,14141,3165,302,68
20200624,false,538,120,1,0,14363,3215,222,50
20200625,false,546,122,8,2,14617,3272,254,57
20200626,false,553,124,7,2,14859,3326,242,54
20200627,false,553,124,0,0,14859,3326,0,0
20200628,false,558,125,5,1,15232,3409,373,83
20200629,false,560,125,2,0,15347,3435,115,26
20200630,false,565,126,5,1,15624,3497,277,62
20200701,false,572,128,7,2,15842,3546,218,49
20200702,false,581,130,9,2,16079,3599,237,53
20200703,false,585,131,4,1,16376,3665,297,66
20200704,false,585,131,0,0,16376,3665,0,0
20200705,false,585,131,0,0,16376,3665,0,0
20200706,false,593,133,8,2,17152,3839,776,174
20200707,false,602,135,9,2,17519,3921,367,82
20200708,false,608,136,6,1,17919,4011,400,90
20200709,false,612,137,4,1,18245,4084,326,73
20200710,false,620,139,8,2,18670,4179,425,95
20200711,false,622,139,2,0,19121,4280,451,101
20200712,false,625,140,3,1,19389,4340,268,60
20200713,false,629,141,4,1,19653,4399,264,59
20200714,false,635,142,6,1,20223,4527,570,128
20200715,false,645,144,10,2,20677,4628,454,102
20200716,false,650,145,5,1,21083,4719,406,91
20200717,false,658,147,8,2,21605,4836,522,117
20200718,false,667,149,9,2,22184,4965,579,130
20200719,false,670,150,3,1,23161,5184,977,219
20200720,false,671,150,1,0,23414,5241,253,57
20200721,false,674,151,3,1,24060,5385,646,145
20200722,false,677,152,3,1,24540,5493,480,107
20200723,false,684,153,7,2,25147,5629,607,136
20200724,false,691,155,7,2,25931,5804,784,175
20200725,false,696,156,5,1,26764,5991,833,186
20200726,false,700,157,4,1,27079,6061,315,71
20200727,false,709,159,9,2,27601,6178,522,117
20200728,false,719,161,10,2,28126,6295,525,118
20200729,false,724,162,5,1,28727,6430,601,135
20200730,false,731,164,7,2,29386,6577,659,148
20200731,false,735,165,4,1,30151,6749,765,171
20200801,false,740,166,5,1,30723,6877,572,128
20200802,false,742,166,2,0,31185,6980,462,103
20200803,false,744,167,2,0,31508,7052,323,72
20200804,false,751,168,7,2,32197,7207,689,154
20200805,false,752,168,1,0,32741,7328,544,122
20200806,false,760,170,8,2,33254,7443,513,115
20200807,false,764,171,4,1,33796,7565,542,121
20200808,false,772,173,8,2,34578,7740,782,175
20200809,false,773,173,1,0,34982,7830,404,90
20200810,false,775,173,2,0,35254,7891,272,61
20200811,false,783,175,8,2,35793,8012,539,121
20200812,false,790,177,7,2,36945,8269,1152,258
20200813,false,796,178,6,1,37686,8435,741,166
20200814,false,804,180,8,2,38298,8572,612,137
20200815,false,810,181,6,1,38930,8714,632,141
20200816,false,813,182,3,1,39315,8800,385,86
20200817,false,818,183,5,1,39691,8884,376,84
20200818,false,830,186,12,3,40299,9020,608,136
20200819,false,842,188,12,3,40926,9160,627,140
20200820,false,856,192,14,3,41626,9317,700,157
20200821,false,864,193,8,2,42265,9460,639,143
20200822,false,864,193,0,0,42265,9460,0,0
20200823,false,881,197,17,4,43529,9743,1264,283
20200824,false,885,198,4,1,43899,9826,370,83
20200825,false,895,200,10,2,44568,9976,669,150
20200826,false,902,202,7,2,45230,10124,662,148
20200827,false,910,204,8,2,45978,10291,748,167
20200828,false,918,205,8,2,46757,10466,779,174
20200829,false,921,206,3,1,47577,10649,820,184
20200830,false,930,208,9,2,48032,10751,455,102
20200831,false,933,209,3,1,48396,10832,364,81
20200901,false,948,212,15,3,49185,11009,789,177
20200902,false,966,216,18,4,49991,11189,806,180
20200903,false,976,218,10,2,50885,11390,894,200
20200904,false,987,221,11,2,51677,11567,792,177
20200905,false,993,222,6,1,52464,11743,787,176
20200906,false,996,223,3,1,52774,11812,310,69
20200907,false,996,223,0,0,53064,11877,290,65
20200908,false,997,223,1,0,53319,11934,255,57
20200909,false,1013,227,16,4,53977,12082,658,147
20200910,false,1035,232,22,5,54772,12260,795,178
20200911,false,1044,234,9,2,55704,12468,932,209
20200912,false,1057,237,13,3,56415,12627,711,159
20200913,false,1060,237,3,1,56945,12746,530,119
20200914,false,1065,238,5,1,57282,12821,337,75
20200915,false,1074,240,9,2,58000,12982,718,161
20200916,false,1082,242,8,2,58764,13153,764,171
20200917,false,1093,245,11,2,59370,13289,606,136
20200918,false,1101,246,8,2,60128,13458,758,170
20200919,false,1108,248,7,2,61106,13677,978,219
20200920,false,1111,249,3,1,61542,13775,436,98
20200921,false,1112,249,1,0,61917,13859,375,84
20200922,false,1119,250,7,2,62731,14041,814,182
20200923,false,1124,252,5,1,63517,14217,786,176
20200924,false,1137,254,13,3,64158,14360,641,143
20200925,false,1149,257,12,3,65066,14564,908,203
20200926,false,1154,258,5,1,66036,14781,970,217
20200927,false,1157,259,3,1,66491,14883,455,102
20200928,false,1162,260,5,1,66939,14983,448,100
20200929,false,1170,262,8,2,67856,15188,917,205
20200930,false,1174,263,4,1,68840,15408,984,220
20201001,false,1191,267,17,4,69728,15607,888,199
20201002,false,1197,268,6,1,70727,15831,999,224
20201003,false,1205,270,8,2,72001,16116,1274,285
20201004,false,1209,271,4,1,72617,16254,616,138
20201005,false,1214,272,5,1,73158,16375,541,121
20201006,false,1218,273,4,1,74194,16607,1036,232
20201007,false,1223,274,5,1,76587,17142,2393,536
20201008,false,1234,276,11,2,77455,17337,868,194
20201009,false,1242,278,8,2,78456,17561,1001,224
20201010,false,1249,280,7,2,79445,17782,989,221
20201011,false,1252,280,3,1,80292,17972,847,190
20201012,false,1255,281,3,1,80930,18115,638,143
20201013,false,1269,284,14,3,81691,18285,761,170
20201014,false,1276,286,7,2,83013,18581,1322,296
20201015,false,1296,290,20,4,84195,18845,1182,265
20201016,false,1300,291,4,1,85506,19139,1311,293
20201017,false,1312,294,12,3,86797,19428,1291,289
20201018,false,1317,295,5,1,87607,19609,810,181
20201019,false,1326,297,9,2,88247,19752,640,143
20201020,false,1342,300,16,4,89544,20043,1297,290
20201021,false,1363,305,21,5,90996,20368,1452,325
20201022,false,1380,309,17,4,92299,20659,1303,292
20201023,false,1396,312,16,4,93748,20984,1449,324
20201024,false,1404,314,8,2,95480,21371,1732,388
20201025,false,1407,315,3,1,96942,21699,1462,327
20201026,false,1410,316,3,1,97866,21905,924,207
20201027,false,1428,320,18,4,99637,22302,1771,396
20201028,false,1442,323,14,3,101494,22717,1857,416
20201029,false,1461,327,19,4,103305,23123,1811,405
20201030,false,1476,330,15,3,105242,23556,1937,434
20201031,false,1485,332,9,2,107219,23999,1977,443
20201101,false,1489,333,4,1,108642,24317,1423,319
20201102,false,1492,334,3,1,109670,24547,1028,230
20201103,false,1503,336,11,2,111379,24930,1709,383
20201104,false,1514,339,11,2,113009,25295,1630,365
20201105,false,1534,343,20,4,115277,25802,2268,508
20201106,false,1544,346,10,2,117505,26301,2228,499
20201107,false,1561,349,17,4,119661,26784,2156,483
20201108,false,1565,350,4,1,120838,27047,1177,263
20201109,false,1576,353,11,2,122567,27434,1729,387
20201110,false,1590,356,14,3,124646,27900,2079,465
20201111,true,1604,359,14,3,126756,28372,2110,472
20201112,true,1619,362,14,3,128898,28851,2142,479
20201113,true,1633,366,15,3,131072,29338,2174,487
20201114,true,1648,369,15,3,133278,29832,2206,494
20201115,true,1664,372,15,3,135517,30333,2239,501
20201116,true,1679,376,16,3,137790,30842,2273,509
20201117,true,1695,379,16,4,140097,31358,2307,516
20201118,true,1711,383,16,4,142438,31882,2341,524
20201119,true,1728,387,16,4,144815,32414,2376,532
20201120,true,1744,390,17,4,147227,32954,2412,540
20201121,true,1761,394,17,4,149675,33502,2448,548
20201122,true,1778,398,17,4,152160,34058,2485,556
20201123,true,1796,402,18,4,154682,34622,2522,565
20201124,true,1814,406,18,4,157242,35195,2560,573
20201125,true,1832,410,18,4,159840,35777,2598,582
20201126,true,1850,414,18,4,162477,36367,2637,590
20201127,true,1869,418,19,4,165153,36966,2676,599
20201128,true,1888,423,19,4,167870,37574,2717,608
20201129,true,1908,427,19,4,170627,38191,2757,617
20201130,true,1928,431,20,4,173425,38818,2798,626
20201201,true,1948,436,20,5,176266,39454,2840,636
