date,projected,deaths,deathsPerMillion,deathIncrease,deathIncreasePerMillion,positive,positivePerMillion,positiveIncrease,positiveIncreasePerMillion
20200304,false,0,0,0,0,1,0,0,0
20200305,false,0,0,0,0,1,0,0,0
20200306,false,0,0,0,0,2,0,1,0
20200307,false,0,0,0,0,2,0,0,0
20200308,false,0,0,0,0,2,0,0,0
20200309,false,0,0,0,0,2,0,0,0
20200310,false,0,0,0,0,7,1,5,0
20200311,false,0,0,0,0,7,1,0,0
20200312,false,0,0,0,0,12,1,5,0
20200313,false,0,0,0,0,15,1,3,0
20200314,false,0,0,0,0,23,2,8,1
20200315,false,0,0,0,0,32,3,9,1
20200316,false,0,0,0,0,33,3,1,0
20200317,false,0,0,0,0,40,4,7,1
20200318,false,0,0,0,0,63,6,23,2
20200319,false,0,0,0,0,97,9,34,3
20200320,false,0,0,0,0,137,13,40,4
20200321,false,0,0,0,0,184,18,47,4
20200322,false,0,0,0,0,255,24,71,7
20200323,false,0,0,0,0,297,28,42,4
20200324,false,0,0,0,0,398,38,101,10
20200325,false,1,0,1,0,504,48,106,10
20200326,false,2,0,1,0,636,61,132,13
20200327,false,3,0,1,0,763,73,127,12
20200328,false,4,0,1,0,935,89,172,16
20200329,false,4,0,0,0,1040,99,105,10
20200330,false,6,1,2,0,1307,125,267,25
20200331,false,8,1,2,0,1498,143,191,18
20200401,false,10,1,2,0,1584,151,86,8
20200402,false,16,2,6,1,1857,177,273,26
20200403,false,19,2,3,0,2093,200,236,23
20200404,false,24,2,5,0,2402,229,309,29
20200405,false,31,3,7,1,2585,246,183,17
20200406,false,33,3,2,0,2870,274,285,27
20200407,false,46,4,13,1,3221,307,351,33
20200408,false,53,5,7,1,3426,327,205,20
20200409,false,65,6,12,1,3651,348,225,21
20200410,false,74,7,9,1,3908,373,257,25
20200411,false,80,8,6,1,4312,411,404,39
20200412,false,81,8,1,0,4520,431,208,20
20200413,false,86,8,5,0,4816,459,296,28
20200414,false,108,10,22,2,5024,479,208,20
20200415,false,117,11,9,1,5123,488,99,9
20200416,false,131,12,14,1,5465,521,342,33
20200417,false,152,14,21,2,5859,559,394,38
20200418,false,164,16,12,1,6140,585,281,27
20200419,false,172,16,8,1,6493,619,353,34
20200420,false,179,17,7,1,6764,645,271,26
20200421,false,213,20,34,3,6951,663,187,18
20200422,false,242,23,29,3,7220,688,269,26
20200423,false,253,24,11,1,7608,725,388,37
20200424,false,269,26,16,2,8052,768,444,42
20200425,false,289,28,20,2,8623,822,571,54
20200426,false,299,29,10,1,8830,842,207,20
20200427,false,306,29,7,1,9142,872,312,30
20200428,false,342,33,36,3,9568,912,426,41
20200429,false,354,34,12,1,9948,949,380,36
20200430,false,378,36,24,2,10509,1002,561,53
20200501,false,399,38,21,2,10923,1041,414,39
20200502,false,420,40,21,2,11509,1097,586,56
20200503,false,422,40,2,0,11664,1112,155,15
20200504,false,430,41,8,1,11848,1130,184,18
20200505,false,452,43,22,2,12256,1169,408,39
20200506,false,477,45,25,2,12758,1216,502,48
20200507,false,507,48,30,3,13397,1277,639,61
20200508,false,527,50,20,2,13868,1322,471,45
20200509,false,544,52,17,2,14360,1369,492,47
20200510,false,547,52,3,0,14764,1408,404,39
20200511,false,550,52,3,0,15045,1434,281,27
20200512,false,577,55,27,3,15346,1463,301,29
20200513,false,597,57,20,2,15816,1508,470,45
20200514,false,615,59,18,2,16507,1574,691,66
20200515,false,641,61,26,2,17129,1633,622,59
20200516,false,652,62,11,1,17982,1715,853,81
20200517,false,659,63,7,1,18512,1765,530,51
20200518,false,661,63,2,0,19023,1814,511,49
20200519,false,691,66,30,3,19700,1878,677,65
20200520,false,702,67,11,1,20122,1919,422,40
20200521,false,716,68,14,1,20860,1989,738,70
20200522,false,728,69,12,1,21618,2061,758,72
20200523,false,737,70,9,1,22725,2167,1107,106
20200524,false,744,71,7,1,23222,2214,497,47
20200525,false,754,72,10,1,23964,2285,742,71
20200526,false,766,73,12,1,24140,2302,176,17
20200527,false,794,76,28,3,24628,2348,488,47
20200528,false,827,79,33,3,25412,2423,784,75
20200529,false,859,82,32,3,26488,2526,1076,103
20200530,false,877,84,18,2,27673,2639,1185,113
20200531,false,886,84,9,1,28589,2726,916,87
20200601,false,898,86,12,1,29263,2790,674,64
20200602,false,921,88,23,2,29889,2850,626,60
20200603,false,939,90,18,2,30777,2934,888,85
20200604,false,960,92,21,2,31966,3048,1189,113
20200605,false,966,92,6,1,33255,3171,1289,123
20200606,false,992,95,26,2,34625,3301,1370,131
20200607,false,996,95,4,0,35546,3389,921,88
20200608,false,1006,96,10,1,36484,3479,938,89
20200609,false,1029,98,23,2,37160,3543,676,64
20200610,false,1053,100,24,2,38171,3639,1011,96
20200611,false,1064,101,11,1,39481,3764,1310,125
20200612,false,1092,104,28,3,41249,3933,1768,169
20200613,false,1104,105,12,1,42676,4069,1427,136
20200614,false,1109,106,5,0,44119,4207,1443,138
20200615,false,1118,107,9,1,45102,4300,983,94
20200616,false,1154,110,36,3,45853,4372,751,72
20200617,false,1168,111,14,1,46855,4467,1002,96
20200618,false,1175,112,7,1,48188,4595,1333,127
20200619,false,1197,114,22,2,49840,4752,1652,158
20200620,false,1212,116,15,1,51389,4900,1549,148
20200621,false,1220,116,8,1,52801,5034,1412,135
20200622,false,1223,117,3,0,53605,5111,804,77
20200623,false,1251,119,28,3,54453,5192,848,81
20200624,false,1266,121,15,1,56174,5356,1721,164
20200625,false,1284,122,18,2,57183,5452,1009,96
20200626,false,1303,124,19,2,58818,5608,1635,156
20200627,false,1312,125,9,1,60537,5772,1719,164
20200628,false,1322,126,10,1,62142,5925,1605,153
20200629,false,1325,126,3,0,63484,6053,1342,128
20200630,false,1343,128,18,2,64670,6166,1186,113
20200701,false,1373,131,30,3,66513,6342,1843,176
20200702,false,1391,133,18,2,68142,6497,1629,155
20200703,false,1392,133,1,0,70241,6697,2099,200
20200704,false,1395,133,3,0,71654,6832,1413,135
20200705,false,1396,133,1,0,72983,6959,1329,127
20200706,false,1398,133,2,0,74529,7106,1546,147
20200707,false,1420,135,22,2,75875,7234,1346,128
20200708,false,1441,137,21,2,77310,7371,1435,137
20200709,false,1461,139,20,2,79349,7566,2039,194
20200710,false,1479,141,18,2,81331,7755,1982,189
20200711,false,1499,143,20,2,83793,7989,2462,235
20200712,false,1503,143,4,0,85701,8171,1908,182
20200713,false,1510,144,7,1,87528,8345,1827,174
20200714,false,1552,148,42,4,89484,8532,1956,186
20200715,false,1568,150,16,2,91266,8702,1782,170
20200716,false,1588,151,20,2,93426,8908,2160,206
20200717,false,1606,153,18,2,95477,9103,2051,196
20200718,false,1629,155,23,2,97958,9340,2481,237
20200719,false,1634,156,5,0,99778,9513,1820,174
20200720,false,1642,157,8,1,101046,9634,1268,121
20200721,false,1668,159,26,2,102861,9807,1815,173
20200722,false,1698,162,30,3,105001,10011,2140,204
20200723,false,1726,165,28,3,106893,10192,1892,180
20200724,false,1746,166,20,2,108995,10392,2102,200
20200725,false,1778,170,32,3,111092,10592,2097,200
20200726,false,1785,170,7,1,112713,10747,1621,155
20200727,false,1790,171,5,0,114338,10902,1625,155
20200728,false,1820,174,30,3,116087,11068,1749,167
20200729,false,1865,178,45,4,117850,11237,1763,168
20200730,false,1903,181,38,4,120194,11460,2344,223
20200731,false,1924,183,21,2,122148,11646,1954,186
20200801,false,1964,187,40,4,123878,11811,1730,165
20200802,false,1969,188,5,0,125219,11939,1341,128
20200803,false,1982,189,13,1,126532,12064,1313,125
20200804,false,2010,192,28,3,128161,12220,1629,155
20200805,false,2050,195,40,4,129288,12327,1127,107
20200806,false,2092,199,42,4,131267,12516,1979,189
20200807,false,2134,203,42,4,132812,12663,1545,147
20200808,false,2160,206,26,2,134766,12849,1954,186
20200809,false,2168,207,8,1,136218,12988,1452,138
20200810,false,2172,207,4,0,136844,13048,626,60
20200811,false,2204,210,32,3,137895,13148,1051,100
20200812,false,2249,214,45,4,139061,13259,1166,111
20200813,false,2287,218,38,4,140824,13427,1763,168
20200814,false,2313,221,26,2,142170,13555,1346,128
20200815,false,2343,223,30,3,143706,13702,1536,146
20200816,false,2347,224,4,0,144952,13821,1246,119
20200817,false,2348,224,1,0,145516,13874,564,54
20200818,false,2396,228,48,5,146779,13995,1263,120
20200819,false,2431,232,35,3,147932,14105,1153,110
20200820,false,2465,235,34,3,149904,14293,1972,188
20200821,false,2494,238,29,3,151912,14484,2008,191
20200822,false,2521,240,27,3,153641,14649,1729,165
20200823,false,2531,241,10,1,155113,14789,1472,140
20200824,false,2535,242,4,0,156396,14912,1283,122
20200825,false,2570,245,35,3,157741,15040,1345,128
20200826,false,2606,248,36,3,158985,15159,1244,119
20200827,false,2630,251,24,2,161076,15358,2091,199
20200828,false,2652,253,22,2,162491,15493,1415,135
20200829,false,2683,256,31,3,165076,15739,2585,246
20200830,false,2692,257,9,1,166127,15840,1051,100
20200831,false,2702,258,10,1,167313,15953,1186,113
20200901,false,2741,261,39,4,169424,16154,2111,201
20200902,false,2779,265,38,4,170553,16262,1129,108
20200903,false,2803,267,24,2,172209,16419,1656,158
20200904,false,2839,271,36,3,174254,16614,2045,195
20200905,false,2889,275,50,5,175815,16763,1561,149
20200906,false,2890,276,1,0,176901,16867,1086,104
20200907,false,2897,276,7,1,177919,16964,1018,97
20200908,false,2909,277,12,1,178635,17032,716,68
20200909,false,2958,282,49,5,179532,17118,897,86
20200910,false,2990,285,32,3,180754,17234,1222,117
20200911,false,3023,288,33,3,182286,17380,1532,146
20200912,false,3047,291,24,2,183740,17519,1454,139
20200913,false,3052,291,5,0,184936,17633,1196,114
20200914,false,3060,292,8,1,185781,17714,845,81
20200915,false,3111,297,51,5,186887,17819,1106,105
20200916,false,3149,300,38,4,188024,17927,1137,108
20200917,false,3180,303,31,3,189576,18075,1552,148
20200918,false,3207,306,27,3,191019,18213,1443,138
20200919,false,3235,308,28,3,192248,18330,1229,117
20200920,false,3243,309,8,1,193581,18457,1333,127
20200921,false,3247,310,4,0,194381,18534,800,76
20200922,false,3286,313,39,4,195549,18645,1168,111
20200923,false,3316,316,30,3,196501,18736,952,91
20200924,false,3356,320,40,4,198189,18897,1688,161
20200925,false,3409,325,53,5,204331,19482,6142,586
20200926,false,3440,328,31,3,206090,19650,1759,168
20200927,false,3441,328,1,0,207380,19773,1290,123
20200928,false,3445,328,4,0,208248,19856,868,83
20200929,false,3494,333,49,5,209137,19940,889,85
20200930,false,3532,337,38,4,210632,20083,1495,143
20201001,false,3579,341,47,4,212909,20300,2277,217
20201002,false,3608,344,29,3,214684,20469,1775,169
20201003,false,3629,346,21,2,216886,20679,2202,210
20201004,false,3634,346,5,0,217496,20737,610,58
20201005,false,3637,347,3,0,219754,20953,2258,215
20201006,false,3670,350,33,3,221258,21096,1504,143
20201007,false,3693,352,23,2,222969,21259,1711,163
20201008,false,3722,355,29,3,225397,21491,2428,232
20201009,false,3747,357,25,2,227431,21685,2034,194
20201010,false,3765,359,18,2,229752,21906,2321,221
20201011,false,3770,359,5,0,231471,22070,1719,164
20201012,false,3773,360,3,0,232747,22192,1276,122
20201013,false,3816,364,43,4,234481,22357,1734,165
20201014,false,3856,368,40,4,236407,22541,1926,184
20201015,false,3874,369,18,2,238939,22782,2532,241
20201016,false,3910,373,36,3,241623,23038,2684,256
20201017,false,3929,375,19,2,243725,23238,2102,200
20201018,false,3934,375,5,0,246028,23458,2303,220
20201019,false,3939,376,5,0,247172,23567,1144,109
20201020,false,3992,381,53,5,248750,23717,1578,150
20201021,false,4032,384,40,4,250592,23893,1842,176
20201022,false,4082,389,50,5,252992,24122,2400,229
20201023,false,4114,392,32,3,255708,24381,2716,259
20201024,false,4144,395,30,3,258292,24627,2584,246
20201025,false,4157,396,13,1,260099,24799,1807,172
20201026,false,4170,398,13,1,261742,24956,1643,157
20201027,false,4211,402,41,4,263883,25160,2141,204
20201028,false,4245,405,34,3,266136,25375,2253,215
20201029,false,4283,408,38,4,269021,25650,2885,275
20201030,false,4332,413,49,5,271830,25918,2809,268
20201031,false,4378,417,46,4,274635,26185,2805,267
20201101,false,4383,418,5,0,276692,26382,2057,196
20201102,false,4390,419,7,1,278028,26509,1336,127
20201103,false,4457,425,67,6,280377,26733,2349,224
20201104,false,4507,430,50,5,282802,26964,2425,231
20201105,false,4548,434,41,4,285661,27237,2859,273
20201106,false,4582,437,34,3,288569,27514,2908,277
20201107,false,4605,439,23,2,291245,27769,2676,255
20201108,false,4607,439,2,0,293339,27969,2094,200
20201109,false,4615,440,8,1,294860,28114,1521,145
20201110,false,4660,444,45,4,297442,28360,2582,246
20201111,true,4704,449,44,4,300036,28607,2594,247
20201112,true,4747,453,43,4,302641,28856,2605,248
20201113,true,4790,457,42,4,305258,29105,2617,250
20201114,true,4831,461,42,4,307887,29356,2629,251
20201115,true,4872,465,41,4,310528,29608,2641,252
20201116,true,4912,468,40,4,313181,29861,2653,253
20201117,true,4951,472,39,4,315845,30115,2665,254
20201118,true,4990,476,38,4,318522,30370,2677,255
20201119,true,5027,479,38,4,321211,30626,2689,256
20201120,true,5064,483,37,4,323912,30884,2701,258
20201121,true,5101,486,36,3,326625,31142,2713,259
20201122,true,5136,490,36,3,329350,31402,2725,260
20201123,true,5171,493,35,3,332088,31663,2738,261
20201124,true,5205,496,34,3,334838,31926,2750,262
20201125,true,5239,499,33,3,337600,32189,2762,263
20201126,true,5272,503,33,3,340375,32454,2775,265
20201127,true,5304,506,32,3,343163,32719,2787,266
20201128,true,5335,509,32,3,345963,32986,2800,267
20201129,true,5366,512,31,3,348775,33254,2813,268
20201130,true,5397,515,30,3,351601,33524,2825,269
20201201,true,5426,517,30,3,354439,33794,2838,271
