date,projected,deaths,deathsPerMillion,deathIncrease,deathIncreasePerMillion,positive,positivePerMillion,positiveIncrease,positiveIncreasePerMillion
20200307,false,0,0,0,0,0,0,0,0
20200308,false,0,0,0,0,0,0,0,0
20200309,false,0,0,0,0,0,0,0,0
20200310,false,0,0,0,0,0,0,0,0
20200311,false,0,0,0,0,0,0,0,0
20200312,false,0,0,0,0,1,1,1,1
20200313,false,0,0,0,0,1,1,0,0
20200314,false,0,0,0,0,1,1,0,0
20200315,false,0,0,0,0,1,1,0,0
20200316,false,0,0,0,0,1,1,0,0
20200317,false,0,0,0,0,1,1,0,0
20200318,false,0,0,0,0,6,8,5,7
20200319,false,0,0,0,0,15,20,9,12
20200320,false,0,0,0,0,20,26,5,7
20200321,false,0,0,0,0,28,37,8,10
20200322,false,0,0,0,0,28,37,0,0
20200323,false,0,0,0,0,30,39,2,3
20200324,false,0,0,0,0,33,43,3,4
20200325,false,0,0,0,0,39,51,6,8
20200326,false,0,0,0,0,52,68,13,17
20200327,false,0,0,0,0,61,80,9,12
20200328,false,1,1,1,1,80,105,19,25
20200329,false,1,1,0,0,97,127,17,22
20200330,false,2,3,1,1,107,140,10,13
20200331,false,3,4,1,1,117,154,10,13
20200401,false,3,4,0,0,139,182,22,29
20200402,false,3,4,0,0,159,209,20,26
20200403,false,3,4,0,0,173,227,14,18
20200404,false,3,4,0,0,186,244,13,17
20200405,false,3,4,0,0,207,272,21,28
20200406,false,3,4,0,0,225,295,18,24
20200407,false,4,5,1,1,237,311,12,16
20200408,false,4,5,0,0,251,329,14,18
20200409,false,5,7,1,1,269,353,18,24
20200410,false,6,8,1,1,278,365,9,12
20200411,false,7,9,1,1,293,384,15,20
20200412,false,8,10,1,1,308,404,15,20
20200413,false,8,10,0,0,331,434,23,30
20200414,false,9,12,1,1,341,447,10,13
20200415,false,9,12,0,0,364,478,23,30
20200416,false,9,12,0,0,392,514,28,37
20200417,false,9,12,0,0,438,575,46,60
20200418,false,9,12,0,0,528,693,90,118
20200419,false,10,13,1,1,584,766,56,73
20200420,false,13,17,3,4,626,821,42,55
20200421,false,13,17,0,0,644,845,18,24
20200422,false,14,18,1,1,677,888,33,43
20200423,false,15,20,1,1,709,930,32,42
20200424,false,15,20,0,0,747,980,38,50
20200425,false,16,21,1,1,803,1054,56,73
20200426,false,17,22,1,1,867,1138,64,84
20200427,false,19,25,2,3,942,1236,75,98
20200428,false,19,25,0,0,991,1300,49,64
20200429,false,19,25,0,0,1033,1356,42,55
20200430,false,19,25,0,0,1067,1400,34,45
20200501,false,23,30,4,5,1107,1453,40,52
20200502,false,24,31,1,1,1153,1513,46,60
20200503,false,16,21,-8,-10,1191,1563,38,50
20200504,false,15,20,-1,-1,1225,1607,34,45
20200505,false,17,22,2,3,1266,1661,41,54
20200506,false,22,29,5,7,1322,1735,56,73
20200507,false,23,30,1,1,1371,1799,49,64
20200508,false,24,31,1,1,1424,1869,53,70
20200509,false,24,31,0,0,1464,1921,40,52
20200510,false,24,31,0,0,1490,1955,26,34
20200511,false,24,31,0,0,1516,1989,26,34
20200512,false,25,33,1,1,1568,2058,52,68
20200513,false,29,38,4,5,1642,2155,74,97
20200514,false,31,41,2,3,1709,2243,67,88
20200515,false,35,46,4,5,1760,2310,51,67
20200516,false,35,46,0,0,1847,2424,87,114
20200517,false,35,46,0,0,1898,2491,51,67
20200518,false,37,49,2,3,1929,2531,31,41
20200519,false,37,49,0,0,1989,2610,60,79
20200520,false,37,49,0,0,2070,2716,81,106
20200521,false,38,50,1,1,2165,2841,95,125
20200522,false,39,51,1,1,2235,2933,70,92
20200523,false,39,51,0,0,2284,2997,49,64
20200524,false,39,51,0,0,2338,3068,54,71
20200525,false,39,51,0,0,2378,3120,40,52
20200526,false,40,52,1,1,2421,3177,43,56
20200527,false,44,58,4,5,2438,3199,17,22
20200528,false,48,63,4,5,2479,3253,41,54
20200529,false,48,63,0,0,2519,3306,40,52
20200530,false,48,63,0,0,2553,3350,34,45
20200531,false,48,63,0,0,2576,3380,23,30
20200601,false,50,66,2,3,2623,3442,47,62
20200602,false,54,71,4,5,2645,3471,22,29
20200603,false,54,71,0,0,2678,3514,33,43
20200604,false,58,76,4,5,2704,3548,26,34
20200605,false,59,77,1,1,2744,3601,40,52
20200606,false,59,77,0,0,2815,3694,71,93
20200607,false,59,77,0,0,2859,3752,44,58
20200608,false,62,81,3,4,2878,3777,19,25
20200609,false,65,85,3,4,2900,3805,22,29
20200610,false,67,88,2,3,2940,3858,40,52
20200611,false,67,88,0,0,2978,3908,38,50
20200612,false,67,88,0,0,3014,3955,36,47
20200613,false,67,88,0,0,3056,4010,42,55
20200614,false,67,88,0,0,3078,4039,22,29
20200615,false,68,89,1,1,3100,4068,22,29
20200616,false,69,91,1,1,3123,4098,23,30
20200617,false,70,92,1,1,3162,4149,39,51
20200618,false,70,92,0,0,3191,4187,29,38
20200619,false,71,93,1,1,3223,4229,32,42
20200620,false,71,93,0,0,3248,4262,25,33
20200621,false,71,93,0,0,3285,4311,37,49
20200622,false,72,94,1,1,3310,4343,25,33
20200623,false,73,96,1,1,3317,4353,7,9
20200624,false,74,97,1,1,3358,4406,41,54
20200625,false,76,100,2,3,3390,4448,32,42
20200626,false,77,101,1,1,3418,4485,28,37
20200627,false,77,101,0,0,3455,4534,37,49
20200628,false,77,101,0,0,3490,4580,35,46
20200629,false,77,101,0,0,3536,4640,46,60
20200630,false,78,102,1,1,3574,4690,38,50
20200701,false,78,102,0,0,3613,4741,39,51
20200702,false,78,102,0,0,3656,4798,43,56
20200703,false,78,102,0,0,3719,4880,63,83
20200704,false,78,102,0,0,3776,4955,57,75
20200705,false,78,102,0,0,3812,5002,36,47
20200706,false,78,102,0,0,3845,5046,33,43
20200707,false,81,106,3,4,3896,5112,51,67
20200708,false,78,102,-3,-4,3969,5208,73,96
20200709,false,78,102,0,0,4068,5338,99,130
20200710,false,78,102,0,0,4152,5448,84,110
20200711,false,78,102,0,0,4240,5564,88,115
20200712,false,78,102,0,0,4331,5683,91,119
20200713,false,78,102,0,0,4433,5817,102,134
20200714,false,78,102,0,0,4487,5888,54,71
20200715,false,81,106,3,4,4559,5982,72,94
20200716,false,82,108,1,1,4662,6118,103,135
20200717,false,82,108,0,0,4784,6278,122,160
20200718,false,82,108,0,0,4900,6430,116,152
20200719,false,82,108,0,0,5013,6578,113,148
20200720,false,82,108,0,0,5120,6719,107,140
20200721,false,84,110,2,3,5202,6826,82,108
20200722,false,88,115,4,5,5361,7035,159,209
20200723,false,88,115,0,0,5486,7199,125,164
20200724,false,88,115,0,0,5608,7359,122,160
20200725,false,91,119,3,4,5729,7518,121,159
20200726,false,91,119,0,0,5869,7701,140,184
20200727,false,91,119,0,0,5981,7848,112,147
20200728,false,92,121,1,1,6132,8047,151,198
20200729,false,92,121,0,0,6221,8163,89,117
20200730,false,95,125,3,4,6294,8259,73,96
20200731,false,95,125,0,0,6461,8478,167,219
20200801,false,95,125,0,0,6593,8652,132,173
20200802,false,95,125,0,0,6649,8725,56,73
20200803,false,95,125,0,0,6776,8892,127,167
20200804,false,96,126,1,1,6925,9087,149,196
20200805,false,96,126,0,0,7047,9247,122,160
20200806,false,98,129,2,3,7169,9407,122,160
20200807,false,98,129,0,0,7318,9603,149,196
20200808,false,98,129,0,0,7498,9839,180,236
20200809,false,98,129,0,0,7589,9959,91,119
20200810,false,101,133,3,4,7706,10112,117,154
20200811,false,102,134,1,1,7877,10336,171,224
20200812,false,104,136,2,3,7964,10451,87,114
20200813,false,105,138,1,1,8164,10713,200,262
20200814,false,105,138,0,0,8316,10912,152,199
20200815,false,105,138,0,0,8439,11074,123,161
20200816,false,105,138,0,0,8582,11262,143,188
20200817,false,105,138,0,0,8641,11339,59,77
20200818,false,109,143,4,5,8775,11515,134,176
20200819,false,110,144,1,1,8963,11762,188,247
20200820,false,112,147,2,3,9237,12121,274,360
20200821,false,112,147,0,0,9468,12424,231,303
20200822,false,112,147,0,0,9724,12760,256,336
20200823,false,112,147,0,0,9863,12943,139,182
20200824,false,112,147,0,0,9989,13108,126,165
20200825,false,115,151,3,4,10223,13415,234,307
20200826,false,117,154,2,3,10457,13722,234,307
20200827,false,118,155,1,1,10790,14159,333,437
20200828,false,118,155,0,0,11102,14568,312,409
20200829,false,118,155,0,0,11475,15058,373,489
20200830,false,118,155,0,0,11696,15348,221,290
20200831,false,118,155,0,0,11810,15497,114,150
20200901,false,122,160,4,5,12004,15752,194,255
20200902,false,122,160,0,0,12270,16101,266,349
20200903,false,124,163,2,3,12629,16572,359,471
20200904,false,125,164,1,1,12971,17021,342,449
20200905,false,125,164,0,0,13327,17488,356,467
20200906,false,125,164,0,0,13626,17880,299,392
20200907,false,125,164,0,0,13797,18105,171,224
20200908,false,129,169,4,5,13872,18203,75,98
20200909,false,129,169,0,0,14110,18516,238,312
20200910,false,131,172,2,3,14443,18953,333,437
20200911,false,133,175,2,3,14684,19269,241,316
20200912,false,133,175,0,0,15151,19882,467,613
20200913,false,133,175,0,0,15577,20441,426,559
20200914,false,134,176,1,1,15831,20774,254,333
20200915,false,135,177,1,1,16064,21080,233,306
20200916,false,141,185,6,8,16333,21433,269,353
20200917,false,142,186,1,1,16723,21944,390,512
20200918,false,142,186,0,0,17230,22610,507,665
20200919,false,142,186,0,0,17607,23104,377,495
20200920,false,142,186,0,0,17958,23565,351,461
20200921,false,151,198,9,12,18244,23940,286,375
20200922,false,156,205,5,7,18508,24287,264,346
20200923,false,156,205,0,0,18981,24907,473,621
20200924,false,156,205,0,0,19451,25524,470,617
20200925,false,156,205,0,0,19885,26094,434,570
20200926,false,156,205,0,0,20380,26743,495,650
20200927,false,156,205,0,0,20724,27195,344,451
20200928,false,177,232,21,28,20983,27535,259,340
20200929,false,185,243,8,10,21401,28083,418,549
20200930,false,191,251,6,8,21846,28667,445,584
20201001,false,191,251,0,0,22218,29155,372,488
20201002,false,191,251,0,0,22694,29780,476,625
20201003,false,191,251,0,0,23134,30357,440,577
20201004,false,191,251,0,0,23550,30903,416,546
20201005,false,191,251,0,0,23862,31312,312,409
20201006,false,217,285,26,34,24364,31971,502,659
20201007,false,226,297,9,12,24857,32618,493,647
20201008,false,234,307,8,10,25384,33310,527,692
20201009,false,234,307,0,0,26040,34170,656,861
20201010,false,234,307,0,0,26628,34942,588,772
20201011,false,234,307,0,0,27265,35778,637,836
20201012,false,246,323,12,16,27737,36397,472,619
20201013,false,260,341,14,18,28245,37064,508,667
20201014,false,277,363,17,22,28947,37985,702,921
20201015,false,289,379,12,16,29653,38912,706,926
20201016,false,301,395,12,16,30517,40045,864,1134
20201017,false,301,395,0,0,31261,41022,744,976
20201018,false,301,395,0,0,31978,41962,717,941
20201019,false,310,407,9,12,32637,42827,659,865
20201020,false,315,413,5,7,33666,44178,1029,1350
20201021,false,328,430,13,17,34165,44832,499,655
20201022,false,338,444,10,13,35052,45996,887,1164
20201023,false,345,453,7,9,35939,47160,887,1164
20201024,false,345,453,0,0,36874,48387,935,1227
20201025,false,345,453,0,0,37719,49496,845,1109
20201026,false,351,461,6,8,38241,50181,522,685
20201027,false,366,480,15,20,39130,51348,889,1167
20201028,false,378,496,12,16,39907,52367,777,1020
20201029,false,382,501,4,5,41130,53972,1223,1605
20201030,false,400,525,18,24,42483,55747,1353,1775
20201031,false,400,525,0,0,43916,57628,1433,1880
20201101,false,400,525,0,0,45043,59107,1127,1479
20201102,false,417,547,17,22,46015,60382,972,1275
20201103,false,433,568,16,21,47187,61920,1172,1538
20201104,false,454,596,21,28,48301,63382,1114,1462
20201105,false,468,614,14,18,49837,65398,1536,2016
20201106,false,480,630,12,16,51602,67714,1765,2316
20201107,false,480,630,0,0,53204,69816,1602,2102
20201108,false,480,630,0,0,54305,71261,1101,1445
20201109,false,497,652,17,22,55458,72774,1153,1513
20201110,false,497,652,0,0,56342,73934,884,1160
20201111,true,506,664,9,12,57571,75546,1229,1613
20201112,true,515,676,9,12,58800,77159,1229,1613
20201113,true,524,688,9,12,60029,78772,1229,1613
20201114,true,533,699,9,12,61258,80385,1229,1613
20201115,true,542,711,9,12,62487,81997,1229,1613
20201116,true,551,723,9,12,63716,83610,1229,1613
20201117,true,560,735,9,12,64945,85223,1229,1613
20201118,true,569,747,9,12,66174,86835,1229,1613
20201119,true,578,758,9,12,67403,88448,1229,1613
20201120,true,587,770,9,12,68632,90061,1229,1613
20201121,true,596,782,9,12,69861,91674,1229,1613
20201122,true,605,794,9,12,71090,93286,1229,1613
20201123,true,614,806,9,12,72319,94899,1229,1613
20201124,true,623,818,9,12,73548,96512,1229,1613
20201125,true,632,829,9,12,74777,98125,1229,1613
20201126,true,641,841,9,12,76006,99737,1229,1613
20201127,true,650,853,9,12,77235,101350,1229,1613
20201128,true,659,865,9,12,78464,102963,1229,1613
20201129,true,668,877,9,12,79693,104575,1229,1613
20201130,true,677,888,9,12,80922,106188,1229,1613
20201201,true,686,900,9,12,82151,107801,1229,1613