date,projected,deaths,deathsPerMillion,deathIncrease,deathIncreasePerMillion,positive,positivePerMillion,positiveIncrease,positiveIncreasePerMillion
20200305,false,0,0,0,0,1,0,0,0
20200306,false,0,0,0,0,3,1,2,1
20200307,false,0,0,0,0,4,1,1,0
20200308,false,0,0,0,0,4,1,0,0
20200309,false,0,0,0,0,5,2,1,0
20200310,false,0,0,0,0,5,2,0,0
20200311,false,0,0,0,0,9,3,4,1
20200312,false,0,0,0,0,12,4,3,1
20200313,false,0,0,0,0,22,7,10,3
20200314,false,0,0,0,0,34,11,12,4
20200315,false,1,0,1,0,45,15,11,4
20200316,false,1,0,0,0,63,20,18,6
20200317,false,1,0,0,0,73,24,10,3
20200318,false,2,1,1,0,78,25,5,2
20200319,false,3,1,1,0,101,33,23,7
20200320,false,3,1,0,0,109,35,8,3
20200321,false,5,2,2,1,124,40,15,5
20200322,false,7,2,2,1,154,50,30,10
20200323,false,8,3,1,0,190,62,36,12
20200324,false,13,4,5,2,278,90,88,29
20200325,false,13,4,0,0,321,104,43,14
20200326,false,17,6,4,1,420,136,99,32
20200327,false,21,7,4,1,535,174,115,37
20200328,false,25,8,4,1,621,202,86,28
20200329,false,28,9,3,1,738,240,117,38
20200330,false,32,10,4,1,996,323,258,84
20200331,false,37,12,5,2,1113,361,117,38
20200401,false,45,15,8,3,1279,415,166,54
20200402,false,51,17,6,2,1458,473,179,58
20200403,false,59,19,8,3,1514,492,56,18
20200404,false,70,23,11,4,1742,566,228,74
20200405,false,76,25,6,2,1836,596,94,31
20200406,false,79,26,3,1,1953,634,117,38
20200407,false,91,30,12,4,2087,678,134,44
20200408,false,101,33,10,3,2318,753,231,75
20200409,false,110,36,9,3,2456,797,138,45
20200410,false,120,39,10,3,2584,839,128,42
20200411,false,125,41,5,2,2700,877,116,38
20200412,false,128,42,3,1,2836,921,136,44
20200413,false,133,43,5,2,2971,965,135,44
20200414,false,141,46,8,3,3088,1003,117,38
20200415,false,150,49,9,3,3211,1042,123,40
20200416,false,158,51,8,3,3321,1078,110,36
20200417,false,162,53,4,1,3524,1144,203,66
20200418,false,168,55,6,2,3626,1177,102,33
20200419,false,172,56,4,1,3728,1210,102,33
20200420,false,180,58,8,3,3830,1243,102,33
20200421,false,193,63,13,4,3937,1278,107,35
20200422,false,201,65,8,3,4081,1325,144,47
20200423,false,210,68,9,3,4208,1366,127,41
20200424,false,216,70,6,2,4398,1428,190,62
20200425,false,229,74,13,4,4539,1474,141,46
20200426,false,235,76,6,2,4602,1494,63,20
20200427,false,245,80,10,3,4690,1523,88,29
20200428,false,251,81,6,2,4805,1560,115,37
20200429,false,257,83,6,2,4898,1590,93,30
20200430,false,269,87,12,4,4998,1623,100,32
20200501,false,277,90,8,3,5227,1697,229,74
20200502,false,281,91,4,1,5311,1724,84,27
20200503,false,287,93,6,2,5423,1761,112,36
20200504,false,292,95,5,2,5491,1783,68,22
20200505,false,297,96,5,2,5594,1816,103,33
20200506,false,311,101,14,5,5663,1839,69,22
20200507,false,320,104,9,3,5766,1872,103,33
20200508,false,328,106,8,3,5884,1910,118,38
20200509,false,334,108,6,2,6028,1957,144,47
20200510,false,339,110,5,2,6098,1980,70,23
20200511,false,344,112,5,2,6152,1997,54,18
20200512,false,350,114,6,2,6311,2049,159,52
20200513,false,355,115,5,2,6394,2076,83,27
20200514,false,358,116,3,1,6499,2110,105,34
20200515,false,368,119,10,3,6614,2147,115,37
20200516,false,369,120,1,0,6709,2178,95,31
20200517,false,375,122,6,2,6857,2226,148,48
20200518,false,383,124,8,3,6906,2242,49,16
20200519,false,390,127,7,2,7046,2288,140,45
20200520,false,393,128,3,1,7166,2327,120,39
20200521,false,397,129,4,1,7255,2355,89,29
20200522,false,400,130,3,1,7401,2403,146,47
20200523,false,404,131,4,1,7696,2499,295,96
20200524,false,408,132,4,1,7770,2523,74,24
20200525,false,410,133,2,1,7879,2558,109,35
20200526,false,412,134,2,1,7997,2596,118,38
20200527,false,416,135,4,1,8113,2634,116,38
20200528,false,425,138,9,3,8208,2665,95,31
20200529,false,435,141,10,3,8350,2711,142,46
20200530,false,439,143,4,1,8495,2758,145,47
20200531,false,444,144,5,2,8593,2790,98,32
20200601,false,445,144,1,0,8688,2821,95,31
20200602,false,452,147,7,2,8830,2867,142,46
20200603,false,455,148,3,1,8931,2900,101,33
20200604,false,460,149,5,2,9090,2951,159,52
20200605,false,460,149,0,0,9266,3008,176,57
20200606,false,463,150,3,1,9460,3071,194,63
20200607,false,465,151,2,1,9649,3133,189,61
20200608,false,469,152,4,1,9786,3177,137,44
20200609,false,472,153,3,1,10030,3256,244,79
20200610,false,474,154,2,1,10164,3300,134,44
20200611,false,475,154,1,0,10399,3376,235,76
20200612,false,475,154,0,0,10676,3466,277,90
20200613,false,478,155,3,1,10946,3554,270,88
20200614,false,479,156,1,0,11173,3627,227,74
20200615,false,483,157,4,1,11279,3662,106,34
20200616,false,485,157,2,1,11658,3785,379,123
20200617,false,486,158,1,0,11842,3845,184,60
20200618,false,489,159,3,1,12076,3921,234,76
20200619,false,491,159,2,1,12486,4054,410,133
20200620,false,491,159,0,0,12931,4198,445,144
20200621,false,492,160,1,0,13205,4287,274,89
20200622,false,492,160,0,0,13535,4394,330,107
20200623,false,492,160,0,0,13997,4544,462,150
20200624,false,494,160,2,1,14592,4737,595,193
20200625,false,495,161,1,0,15479,5025,887,288
20200626,false,498,162,3,1,15860,5149,381,124
20200627,false,500,162,2,1,16339,5305,479,156
20200628,false,500,162,0,0,17160,5571,821,267
20200629,false,504,164,4,1,17894,5809,734,238
20200630,false,507,165,3,1,18456,5992,562,182
20200701,false,511,166,4,1,19101,6201,645,209
20200702,false,525,170,14,5,19733,6406,632,205
20200703,false,528,171,3,1,20718,6726,985,320
20200704,false,530,172,2,1,21575,7005,857,278
20200705,false,534,173,4,1,22418,7278,843,274
20200706,false,537,174,3,1,22909,7438,491,159
20200707,false,548,178,11,4,23785,7722,876,284
20200708,false,553,180,5,2,24301,7890,516,168
20200709,false,571,185,18,6,24904,8085,603,196
20200710,false,579,188,8,3,25908,8411,1004,326
20200711,false,592,192,13,4,26838,8713,930,302
20200712,false,593,193,1,0,27683,8988,845,274
20200713,false,593,193,0,0,28515,9258,832,270
20200714,false,612,199,19,6,29619,9616,1104,358
20200715,false,618,201,6,2,30468,9892,849,276
20200716,false,626,203,8,3,31915,10361,1447,470
20200717,false,637,207,11,4,33295,10810,1380,448
20200718,false,646,210,9,3,34477,11193,1182,384
20200719,false,647,210,1,0,35765,11611,1288,418
20200720,false,648,210,1,0,36713,11919,948,308
20200721,false,676,219,28,9,37528,12184,815,265
20200722,false,704,229,28,9,38657,12550,1129,367
20200723,false,709,230,5,2,39919,12960,1262,410
20200724,false,722,234,13,4,40885,13274,966,314
20200725,false,732,238,10,3,41816,13576,931,302
20200726,false,734,238,2,1,42834,13906,1018,331
20200727,false,739,240,5,2,43831,14230,997,324
20200728,false,759,246,20,6,44936,14589,1105,359
20200729,false,780,253,21,7,45806,14871,870,282
20200730,false,801,260,21,7,46824,15202,1018,331
20200731,false,830,269,29,9,48088,15612,1264,410
20200801,false,832,270,2,1,49074,15932,986,320
20200802,false,832,270,0,0,50205,16299,1131,367
20200803,false,847,275,15,5,51199,16622,994,323
20200804,false,862,280,15,5,52179,16940,980,318
20200805,false,890,289,28,9,52828,17151,649,211
20200806,false,900,292,10,3,53557,17388,729,237
20200807,false,920,299,20,6,54533,17705,976,317
20200808,false,949,308,29,9,55419,17992,886,288
20200809,false,957,311,8,3,56230,18256,811,263
20200810,false,963,313,6,2,56972,18496,742,241
20200811,false,981,318,18,6,57520,18674,548,178
20200812,false,996,323,15,5,58048,18846,528,171
20200813,false,1030,334,34,11,58650,19041,602,195
20200814,false,1045,339,15,5,59749,19398,1099,357
20200815,false,1069,347,24,8,60608,19677,859,279
20200816,false,1072,348,3,1,61305,19903,697,226
20200817,false,1077,350,5,2,61967,20118,662,215
20200818,false,1102,358,25,8,62639,20336,672,218
20200819,false,1134,368,32,10,63028,20463,389,126
20200820,false,1172,381,38,12,63584,20643,556,181
20200821,false,1185,385,13,4,64433,20919,849,276
20200822,false,1197,389,12,4,65069,21125,636,206
20200823,false,1197,389,0,0,65601,21298,532,173
20200824,false,1200,390,3,1,66010,21431,409,133
20200825,false,1230,399,30,10,66413,21562,403,131
20200826,false,1250,406,20,6,66666,21644,253,82
20200827,false,1271,413,21,7,67220,21824,554,180
20200828,false,1287,418,16,5,67852,22029,632,205
20200829,false,1302,423,15,5,68461,22226,609,198
20200830,false,1302,423,0,0,68908,22372,447,145
20200831,false,1305,424,3,1,69228,22475,320,104
20200901,false,1313,426,8,3,69633,22607,405,131
20200902,false,1336,434,23,7,69872,22685,239,78
20200903,false,1363,443,27,9,70223,22799,351,114
20200904,false,1375,446,12,4,70712,22957,489,159
20200905,false,1388,451,13,4,71102,23084,390,127
20200906,false,1389,451,1,0,71610,23249,508,165
20200907,false,1393,452,4,1,71967,23365,357,116
20200908,false,1393,452,0,0,72104,23409,137,44
20200909,false,1412,458,19,6,72258,23459,154,50
20200910,false,1429,464,17,6,72546,23553,288,94
20200911,false,1439,467,10,3,72806,23637,260,84
20200912,false,1449,470,10,3,73220,23772,414,134
20200913,false,1452,471,3,1,73537,23874,317,103
20200914,false,1456,473,4,1,73814,23964,277,90
20200915,false,1482,481,26,8,74040,24038,226,73
20200916,false,1494,485,12,4,74248,24105,208,68
20200917,false,1506,489,12,4,74595,24218,347,113
20200918,false,1524,495,18,6,75096,24381,501,163
20200919,false,1528,496,4,1,75419,24485,323,105
20200920,false,1531,497,3,1,75804,24610,385,125
20200921,false,1531,497,0,0,76036,24686,232,75
20200922,false,1546,502,15,5,76298,24771,262,85
20200923,false,1556,505,10,3,76807,24936,509,165
20200924,false,1564,508,8,3,77197,25063,390,127
20200925,false,1573,511,9,3,77753,25243,556,181
20200926,false,1582,514,9,3,78355,25439,602,195
20200927,false,1585,515,3,1,78728,25560,373,121
20200928,false,1585,515,0,0,79191,25710,463,150
20200929,false,1593,517,8,3,79595,25841,404,131
20200930,false,1600,519,7,2,79980,25966,385,125
20201001,false,1603,520,3,1,80410,26106,430,140
20201002,false,1609,522,6,2,81182,26356,772,251
20201003,false,1620,526,11,4,81708,26527,526,171
20201004,false,1623,527,3,1,82100,26654,392,127
20201005,false,1623,527,0,0,82437,26764,337,109
20201006,false,1629,529,6,2,82916,26919,479,156
20201007,false,1636,531,7,2,83347,27059,431,140
20201008,false,1649,535,13,4,83827,27215,480,156
20201009,false,1657,538,8,3,84593,27464,766,249
20201010,false,1659,539,2,1,85399,27726,806,262
20201011,false,1661,539,2,1,85779,27849,380,123
20201012,false,1664,540,3,1,86348,28034,569,185
20201013,false,1674,543,10,3,86835,28192,487,158
20201014,false,1691,549,17,6,87314,28347,479,156
20201015,false,1698,551,7,2,87969,28560,655,213
20201016,false,1707,554,9,3,88685,28792,716,232
20201017,false,1707,554,0,0,89652,29106,967,314
20201018,false,1710,555,3,1,90261,29304,609,198
20201019,false,1712,556,2,1,90843,29493,582,189
20201020,false,1727,561,15,5,91499,29706,656,213
20201021,false,1732,562,5,2,92064,29889,565,183
20201022,false,1736,564,4,1,92853,30146,789,256
20201023,false,1738,564,2,1,93666,30409,813,264
20201024,false,1743,566,5,2,94812,30782,1146,372
20201025,false,1748,568,5,2,95703,31071,891,289
20201026,false,1749,568,1,0,96178,31225,475,154
20201027,false,1756,570,7,2,96908,31462,730,237
20201028,false,1766,573,10,3,97479,31647,571,185
20201029,false,1769,574,3,1,98554,31996,1075,349
20201030,false,1777,577,8,3,99786,32396,1232,400
20201031,false,1777,577,0,0,100763,32714,977,317
20201101,false,1781,578,4,1,101479,32946,716,232
20201102,false,1784,579,3,1,102114,33152,635,206
20201103,false,1807,587,23,7,103025,33448,911,296
20201104,false,1814,589,7,2,104093,33795,1068,347
20201105,false,1824,592,10,3,105360,34206,1267,411
20201106,false,1845,599,21,7,106922,34713,1562,507
20201107,false,1850,601,5,2,108746,35305,1824,592
20201108,false,1851,601,1,0,110022,35720,1276,414
20201109,false,1852,601,1,0,110982,36031,960,312
20201110,false,1859,604,7,2,112304,36460,1322,429
20201111,true,1866,606,7,2,113404,36818,1100,357
20201112,true,1873,608,7,2,114504,37175,1100,357
20201113,true,1880,610,7,2,115604,37532,1100,357
20201114,true,1887,613,7,2,116704,37889,1100,357
20201115,true,1894,615,7,2,117804,38246,1100,357
20201116,true,1901,617,7,2,118904,38603,1100,357
20201117,true,1908,619,7,2,120004,38960,1100,357
20201118,true,1915,622,7,2,121104,39317,1100,357
20201119,true,1922,624,7,2,122204,39675,1100,357
20201120,true,1929,626,7,2,123304,40032,1100,357
20201121,true,1936,629,7,2,124404,40389,1100,357
20201122,true,1943,631,7,2,125504,40746,1100,357
20201123,true,1950,633,7,2,126604,41103,1100,357
20201124,true,1957,635,7,2,127704,41460,1100,357
20201125,true,1964,638,7,2,128804,41817,1100,357
20201126,true,1971,640,7,2,129904,42174,1100,357
20201127,true,1978,642,7,2,131004,42532,1100,357
20201128,true,1985,644,7,2,132104,42889,1100,357
20201129,true,1992,647,7,2,133204,43246,1100,357
20201130,true,1999,649,7,2,134304,43603,1100,357
20201201,true,2006,651,7,2,135404,43960,1100,357