date,projected,deaths,deathsPerMillion,deathIncrease,deathIncreasePerMillion,positive,positivePerMillion,positiveIncrease,positiveIncreasePerMillion
20200304,false,0,0,0,0,6,0,0,0
20200305,false,0,0,0,0,22,1,16,1
20200306,false,0,0,0,0,33,2,11,1
20200307,false,0,0,0,0,76,4,43,2
20200308,false,0,0,0,0,105,5,29,1
20200309,false,0,0,0,0,142,7,37,2
20200310,false,0,0,0,0,173,9,31,2
20200311,false,0,0,0,0,216,11,43,2
20200312,false,0,0,0,0,216,11,0,0
20200313,false,0,0,0,0,421,22,205,11
20200314,false,0,0,0,0,524,27,103,5
20200315,false,3,0,3,0,729,37,205,11
20200316,false,7,0,4,0,950,49,221,11
20200317,false,7,0,0,0,1700,87,750,39
20200318,false,12,1,5,0,2382,122,682,35
20200319,false,12,1,0,0,4152,213,1770,91
20200320,false,35,2,23,1,7102,365,2950,152
20200321,false,44,2,9,0,10356,532,3254,167
20200322,false,114,6,70,4,15168,780,4812,247
20200323,false,114,6,0,0,20875,1073,5707,293
20200324,false,210,11,96,5,25665,1319,4790,246
20200325,false,285,15,75,4,30811,1584,5146,265
20200326,false,385,20,100,5,37258,1915,6447,331
20200327,false,519,27,134,7,44635,2294,7377,379
20200328,false,728,37,209,11,52318,2689,7683,395
20200329,false,965,50,237,12,59513,3059,7195,370
20200330,false,1218,63,253,13,66497,3418,6984,359
20200331,false,1550,80,332,17,75795,3896,9298,478
20200401,false,1941,100,391,20,83712,4303,7917,407
20200402,false,2373,122,432,22,92381,4749,8669,446
20200403,false,2935,151,562,29,102863,5288,10482,539
20200404,false,3565,183,630,32,113704,5845,10841,557
20200405,false,4159,214,594,31,122031,6273,8327,428
20200406,false,4758,245,599,31,130689,6718,8658,445
20200407,false,5489,282,731,38,138863,7138,8174,420
20200408,false,6268,322,779,40,149316,7676,10453,537
20200409,false,7067,363,799,41,159937,8221,10621,546
20200410,false,7844,403,777,40,170512,8765,10575,544
20200411,false,8627,443,783,40,180458,9276,9946,511
20200412,false,9385,482,758,39,188694,9700,8236,423
20200413,false,10056,517,671,34,195031,10025,6337,326
20200414,false,10834,557,778,40,202208,10394,7177,369
20200415,false,11586,596,752,39,213779,10989,11571,595
20200416,false,12192,627,606,31,222284,11426,8505,437
20200417,false,12822,659,630,32,229642,11805,7358,378
20200418,false,13362,687,540,28,236732,12169,7090,364
20200419,false,13869,713,507,26,242786,12480,6054,311
20200420,false,14347,737,478,25,247512,12723,4726,243
20200421,false,14828,762,481,25,251690,12938,4178,215
20200422,false,15302,787,474,24,257216,13222,5526,284
20200423,false,15740,809,438,23,263460,13543,6244,321
20200424,false,16162,831,422,22,271590,13961,8130,418
20200425,false,16599,853,437,22,282143,14503,10553,542
20200426,false,16966,872,367,19,288045,14807,5902,303
20200427,false,17303,889,337,17,291996,15010,3951,203
20200428,false,17638,907,335,17,295106,15170,3110,160
20200429,false,18015,926,377,19,299691,15405,4585,236
20200430,false,18321,942,306,16,304372,15646,4681,241
20200501,false,18610,957,289,15,308314,15849,3942,203
20200502,false,18909,972,299,15,312977,16088,4663,240
20200503,false,19189,986,280,14,316415,16265,3438,177
20200504,false,19415,998,226,12,318953,16396,2538,130
20200505,false,19645,1010,230,12,321192,16511,2239,115
20200506,false,19877,1022,232,12,323978,16654,2786,143
20200507,false,20828,1071,951,49,327649,16843,3671,189
20200508,false,21045,1082,217,11,330407,16984,2758,142
20200509,false,21271,1093,226,12,333122,17124,2715,140
20200510,false,21478,1104,207,11,335395,17241,2273,117
20200511,false,21640,1112,162,8,337055,17326,1660,85
20200512,false,21845,1123,205,11,338485,17400,1430,74
20200513,false,22013,1132,168,9,340661,17511,2176,112
20200514,false,22170,1140,157,8,343051,17634,2390,123
20200515,false,22304,1147,134,7,345813,17776,2762,142
20200516,false,22478,1155,174,9,348232,17901,2419,124
20200517,false,22619,1163,141,7,350121,17998,1889,97
20200518,false,22729,1168,110,6,351371,18062,1250,64
20200519,false,22843,1174,114,6,352845,18138,1474,76
20200520,false,22976,1181,133,7,354370,18216,1525,78
20200521,false,23083,1187,107,6,356458,18324,2088,107
20200522,false,23195,1192,112,6,358154,18411,1696,87
20200523,false,23282,1197,87,4,359926,18502,1772,91
20200524,false,23391,1202,109,6,361515,18583,1589,82
20200525,false,23488,1207,97,5,362764,18648,1249,64
20200526,false,23564,1211,76,4,363836,18703,1072,55
20200527,false,23643,1215,79,4,364965,18761,1129,58
20200528,false,23722,1219,79,4,366733,18852,1768,91
20200529,false,23780,1222,58,3,368284,18931,1551,80
20200530,false,23848,1226,68,3,369660,19002,1376,71
20200531,false,23905,1229,57,3,370770,19059,1110,57
20200601,false,23959,1232,54,3,371711,19108,941,48
20200602,false,24023,1235,64,3,373040,19176,1329,68
20200603,false,24079,1238,56,3,374085,19230,1045,54
20200604,false,24133,1241,54,3,375133,19284,1048,54
20200605,false,24175,1243,42,2,376208,19339,1075,55
20200606,false,24212,1245,37,2,377316,19396,1108,57
20200607,false,24259,1247,47,2,378097,19436,781,40
20200608,false,24299,1249,40,2,378799,19472,702,36
20200609,false,24348,1252,49,3,379482,19507,683,35
20200610,false,24404,1254,56,3,380156,19542,674,35
20200611,false,24442,1256,38,2,380892,19580,736,38
20200612,false,24495,1259,53,3,381714,19622,822,42
20200613,false,24527,1261,32,2,382630,19669,916,47
20200614,false,24551,1262,24,1,383324,19705,694,36
20200615,false,24579,1263,28,1,383944,19736,620,32
20200616,false,24608,1265,29,1,384575,19769,631,32
20200617,false,24629,1266,21,1,385142,19798,567,29
20200618,false,24661,1268,32,2,385760,19830,618,32
20200619,false,24686,1269,25,1,386556,19871,796,41
20200620,false,24710,1270,24,1,387272,19908,716,37
20200621,false,24725,1271,15,1,387936,19942,664,34
20200622,false,24739,1272,14,1,388488,19970,552,28
20200623,false,24766,1273,27,1,389085,20001,597,31
20200624,false,24782,1274,16,1,389666,20031,581,30
20200625,false,24800,1275,18,1,390415,20069,749,39
20200626,false,24814,1276,14,1,391220,20110,805,41
20200627,false,24830,1276,16,1,391923,20147,703,36
20200628,false,24835,1277,5,0,392539,20178,616,32
20200629,false,24842,1277,7,0,392930,20198,391,20
20200630,false,24855,1278,13,1,393454,20225,524,27
20200701,false,24866,1278,11,1,394079,20257,625,32
20200702,false,24877,1279,11,1,394954,20302,875,45
20200703,false,24885,1279,8,0,395872,20350,918,47
20200704,false,24896,1280,11,1,396598,20387,726,37
20200705,false,24904,1280,8,0,397131,20414,533,27
20200706,false,24913,1281,9,0,397649,20441,518,27
20200707,false,24924,1281,11,1,398237,20471,588,30
20200708,false,24944,1282,20,1,398929,20507,692,36
20200709,false,24959,1283,15,1,399513,20537,584,30
20200710,false,24968,1283,9,0,400299,20577,786,40
20200711,false,24974,1284,6,0,401029,20615,730,38
20200712,false,24979,1284,5,0,401706,20649,677,35
20200713,false,24989,1285,10,1,402263,20678,557,29
20200714,false,24994,1285,5,0,403175,20725,912,47
20200715,false,25003,1285,9,0,404006,20768,831,43
20200716,false,25014,1286,11,1,404775,20807,769,40
20200717,false,25024,1286,10,1,405551,20847,776,40
20200718,false,25035,1287,11,1,406305,20886,754,39
20200719,false,25048,1288,13,1,406807,20912,502,26
20200720,false,25056,1288,8,0,407326,20938,519,27
20200721,false,25058,1288,2,0,408181,20982,855,44
20200722,false,25068,1289,10,1,408886,21019,705,36
20200723,false,25081,1289,13,1,409697,21060,811,42
20200724,false,25090,1290,9,0,410450,21099,753,39
20200725,false,25103,1290,13,1,411200,21138,750,39
20200726,false,25106,1291,3,0,411736,21165,536,28
20200727,false,25117,1291,11,1,412344,21196,608,31
20200728,false,25126,1292,9,0,412878,21224,534,27
20200729,false,25132,1292,6,0,413593,21261,715,37
20200730,false,25145,1293,13,1,414370,21300,777,40
20200731,false,25150,1293,5,0,415014,21334,644,33
20200801,false,25164,1294,14,1,415767,21372,753,39
20200802,false,25170,1294,6,0,416298,21400,531,27
20200803,false,25172,1294,2,0,416843,21428,545,28
20200804,false,25175,1294,3,0,417589,21466,746,38
20200805,false,25179,1294,4,0,418225,21499,636,33
20200806,false,25185,1295,6,0,418928,21535,703,36
20200807,false,25190,1295,5,0,419642,21571,714,37
20200808,false,25195,1295,5,0,420345,21608,703,36
20200809,false,25202,1295,7,0,420860,21634,515,26
20200810,false,25204,1296,2,0,421336,21659,476,24
20200811,false,25211,1296,7,0,422003,21693,667,34
20200812,false,25218,1296,7,0,422703,21729,700,36
20200813,false,25228,1297,10,1,423440,21767,737,38
20200814,false,25232,1297,4,0,424167,21804,727,37
20200815,false,25244,1298,12,1,424901,21842,734,38
20200816,false,25250,1298,6,0,425508,21873,607,31
20200817,false,25256,1298,6,0,425916,21894,408,21
20200818,false,25264,1299,8,0,426571,21928,655,34
20200819,false,25270,1299,6,0,427202,21960,631,32
20200820,false,25275,1299,5,0,427803,21991,601,31
20200821,false,25278,1299,3,0,428512,22027,709,36
20200822,false,25282,1300,4,0,429165,22061,653,34
20200823,false,25288,1300,6,0,429737,22090,572,29
20200824,false,25295,1300,7,0,430145,22111,408,21
20200825,false,25297,1300,2,0,430774,22144,629,32
20200826,false,25305,1301,8,0,431340,22173,566,29
20200827,false,25309,1301,4,0,432131,22213,791,41
20200828,false,25312,1301,3,0,432767,22246,636,33
20200829,false,25319,1302,7,0,433402,22279,635,33
20200830,false,25327,1302,8,0,434100,22315,698,36
20200831,false,25328,1302,1,0,434756,22348,656,34
20200901,false,25331,1302,3,0,435510,22387,754,39
20200902,false,25336,1302,5,0,436218,22424,708,36
20200903,false,25343,1303,7,0,437107,22469,889,46
20200904,false,25348,1303,5,0,437971,22514,864,44
20200905,false,25350,1303,2,0,438772,22555,801,41
20200906,false,25359,1304,9,0,439501,22592,729,37
20200907,false,25361,1304,2,0,440021,22619,520,27
20200908,false,25367,1304,6,0,440578,22648,557,29
20200909,false,25370,1304,3,0,441154,22677,576,30
20200910,false,25377,1304,7,0,441911,22716,757,39
20200911,false,25382,1305,5,0,442791,22761,880,45
20200912,false,25384,1305,2,0,443640,22805,849,44
20200913,false,25390,1305,6,0,444365,22842,725,37
20200914,false,25394,1305,4,0,444948,22872,583,30
20200915,false,25405,1306,11,1,445714,22912,766,39
20200916,false,25410,1306,5,0,446366,22945,652,34
20200917,false,25413,1306,3,0,447262,22991,896,46
20200918,false,25423,1307,10,1,448052,23032,790,41
20200919,false,25425,1307,2,0,449038,23083,986,51
20200920,false,25427,1307,2,0,449900,23127,862,44
20200921,false,25428,1307,1,0,450473,23156,573,29
20200922,false,25432,1307,4,0,451227,23195,754,39
20200923,false,25437,1308,5,0,451892,23229,665,34
20200924,false,25439,1308,2,0,452847,23278,955,49
20200925,false,25446,1308,7,0,453755,23325,908,47
20200926,false,25450,1308,4,0,454760,23377,1005,52
20200927,false,25456,1309,6,0,455626,23421,866,45
20200928,false,25468,1309,12,1,456460,23464,834,43
20200929,false,25470,1309,2,0,457649,23525,1189,61
20200930,false,25479,1310,9,0,458649,23577,1000,51
20201001,false,25490,1310,11,1,460031,23648,1382,71
20201002,false,25497,1311,7,0,461629,23730,1598,82
20201003,false,25505,1311,8,0,463360,23819,1731,89
20201004,false,25519,1312,14,1,464582,23882,1222,63
20201005,false,25527,1312,8,0,465515,23930,933,48
20201006,false,25536,1313,9,0,466908,24001,1393,72
20201007,false,25545,1313,9,0,468268,24071,1360,70
20201008,false,25555,1314,10,1,470104,24165,1836,94
20201009,false,25561,1314,6,0,471696,24247,1592,82
20201010,false,25569,1314,8,0,473143,24322,1447,74
20201011,false,25574,1315,5,0,474286,24380,1143,59
20201012,false,25587,1315,13,1,475315,24433,1029,53
20201013,false,25598,1316,11,1,476708,24505,1393,72
20201014,false,25605,1316,7,0,477940,24568,1232,63
20201015,false,25618,1317,13,1,479400,24643,1460,75
20201016,false,25628,1317,10,1,481107,24731,1707,88
20201017,false,25637,1318,9,0,482891,24823,1784,92
20201018,false,25644,1318,7,0,484281,24894,1390,71
20201019,false,25659,1319,15,1,485279,24946,998,51
20201020,false,25672,1320,13,1,486480,25007,1201,62
20201021,false,25679,1320,7,0,488506,25111,2026,104
20201022,false,25694,1321,15,1,490134,25195,1628,84
20201023,false,25705,1321,11,1,491771,25279,1637,84
20201024,false,25718,1322,13,1,493832,25385,2061,106
20201025,false,25730,1323,12,1,495464,25469,1632,84
20201026,false,25742,1323,12,1,496655,25530,1191,61
20201027,false,25758,1324,16,1,498646,25633,1991,102
20201028,false,25773,1325,15,1,500677,25737,2031,104
20201029,false,25792,1326,19,1,503176,25865,2499,128
20201030,false,25804,1326,12,1,505431,25981,2255,116
20201031,false,25807,1327,3,0,507480,26087,2049,105
20201101,false,25824,1327,17,1,509735,26203,2255,116
20201102,false,25838,1328,14,1,511368,26287,1633,84
20201103,false,25853,1329,15,1,513689,26406,2321,119
20201104,false,25868,1330,15,1,515815,26515,2126,109
20201105,false,25892,1331,24,1,518812,26669,2997,154
20201106,false,25910,1332,18,1,522021,26834,3209,165
20201107,false,25928,1333,18,1,525608,27019,3587,184
20201108,false,25947,1334,19,1,529036,27195,3428,176
20201109,false,25973,1335,26,1,532180,27356,3144,162
20201110,false,26005,1337,32,2,536145,27560,3965,204
20201111,true,26038,1338,33,2,540261,27772,4116,212
20201112,true,26073,1340,34,2,544535,27992,4273,220
20201113,true,26108,1342,36,2,548971,28220,4436,228
20201114,true,26145,1344,37,2,553577,28456,4606,237
20201115,true,26183,1346,38,2,558358,28702,4781,246
20201116,true,26223,1348,40,2,563322,28957,4964,255
20201117,true,26264,1350,41,2,568475,29222,5153,265
20201118,true,26307,1352,43,2,573825,29497,5350,275
20201119,true,26351,1355,44,2,579379,29783,5554,285
20201120,true,26396,1357,46,2,585145,30079,5766,296
20201121,true,26444,1359,47,2,591131,30387,5986,308
20201122,true,26493,1362,49,3,597345,30706,6214,319
20201123,true,26544,1364,51,3,603796,31038,6451,332
20201124,true,26597,1367,53,3,610494,31382,6698,344
20201125,true,26651,1370,55,3,617447,31740,6953,357
20201126,true,26708,1373,57,3,624665,32111,7218,371
20201127,true,26767,1376,59,3,632159,32496,7494,385
20201128,true,26828,1379,61,3,639939,32896,7780,400
20201129,true,26891,1382,63,3,648016,33311,8077,415
20201130,true,26956,1386,65,3,656400,33742,8385,431
20201201,true,27024,1389,68,3,665105,34189,8705,447
