date,projected,deaths,deathsPerMillion,deathIncrease,deathIncreasePerMillion,positive,positivePerMillion,positiveIncrease,positiveIncreasePerMillion
20200307,false,0,0,0,0,1,0,0,0
20200308,false,0,0,0,0,1,0,0,0
20200309,false,0,0,0,0,1,0,0,0
20200310,false,0,0,0,0,2,1,1,0
20200311,false,0,0,0,0,2,1,0,0
20200312,false,0,0,0,0,3,1,1,0
20200313,false,0,0,0,0,3,1,0,0
20200314,false,0,0,0,0,4,1,1,0
20200315,false,0,0,0,0,9,2,5,1
20200316,false,0,0,0,0,10,3,1,0
20200317,false,0,0,0,0,17,4,7,2
20200318,false,0,0,0,0,29,7,12,3
20200319,false,1,0,1,0,44,11,15,4
20200320,false,1,0,0,0,49,12,5,1
20200321,false,1,0,0,0,53,13,4,1
20200322,false,2,1,1,0,67,17,14,4
20200323,false,2,1,0,0,81,20,14,4
20200324,false,3,1,1,0,106,27,25,6
20200325,false,5,1,2,1,164,41,58,15
20200326,false,7,2,2,1,248,63,84,21
20200327,false,8,2,1,0,322,81,74,19
20200328,false,15,4,7,2,377,95,55,14
20200329,false,16,4,1,0,429,108,52,13
20200330,false,17,4,1,0,481,122,52,13
20200331,false,23,6,6,2,565,143,84,21
20200401,false,30,8,7,2,719,182,154,39
20200402,false,34,9,4,1,879,222,160,40
20200403,false,38,10,4,1,988,250,109,28
20200404,false,42,11,4,1,1159,293,171,43
20200405,false,46,12,4,1,1252,316,93,24
20200406,false,51,13,5,1,1327,335,75,19
20200407,false,67,17,16,4,1472,372,145,37
20200408,false,79,20,12,3,1524,385,52,13
20200409,false,80,20,1,0,1684,426,160,40
20200410,false,88,22,8,2,1794,453,110,28
20200411,false,94,24,6,2,1868,472,74,19
20200412,false,96,24,2,1,1970,498,102,26
20200413,false,99,25,3,1,2069,523,99,25
20200414,false,108,27,9,2,2184,552,115,29
20200415,false,123,31,15,4,2263,572,79,20
20200416,false,131,33,8,2,2357,596,94,24
20200417,false,136,34,5,1,2465,623,108,27
20200418,false,139,35,3,1,2570,649,105,27
20200419,false,140,35,1,0,2599,657,29,7
20200420,false,143,36,3,1,2680,677,81,20
20200421,false,164,41,21,5,2807,709,127,32
20200422,false,170,43,6,2,2894,731,87,22
20200423,false,179,45,9,2,3017,762,123,31
20200424,false,188,48,9,2,3121,789,104,26
20200425,false,194,49,6,2,3193,807,72,18
20200426,false,195,49,1,0,3253,822,60,15
20200427,false,197,50,2,1,3280,829,27,7
20200428,false,207,52,10,3,3410,862,130,33
20200429,false,214,54,7,2,3473,878,63,16
20200430,false,222,56,8,2,3618,914,145,37
20200501,false,230,58,8,2,3748,947,130,33
20200502,false,238,60,8,2,3851,973,103,26
20200503,false,238,60,0,0,3972,1004,121,31
20200504,false,238,60,0,0,4044,1022,72,18
20200505,false,247,62,9,2,4127,1043,83,21
20200506,false,253,64,6,2,4201,1062,74,19
20200507,false,260,66,7,2,4330,1094,129,33
20200508,false,266,67,6,2,4424,1118,94,24
20200509,false,270,68,4,1,4490,1135,66,17
20200510,false,272,69,2,1,4589,1160,99,25
20200511,false,274,69,2,1,4613,1166,24,6
20200512,false,278,70,4,1,4732,1196,119,30
20200513,false,278,70,0,0,4852,1226,120,30
20200514,false,284,72,6,2,4962,1254,110,28
20200515,false,285,72,1,0,5086,1285,124,31
20200516,false,288,73,3,1,5237,1323,151,38
20200517,false,288,73,0,0,5310,1342,73,18
20200518,false,288,73,0,0,5398,1364,88,22
20200519,false,294,74,6,2,5489,1387,91,23
20200520,false,299,76,5,1,5532,1398,43,11
20200521,false,304,77,5,1,5680,1435,148,37
20200522,false,307,78,3,1,5849,1478,169,43
20200523,false,311,79,4,1,5960,1506,111,28
20200524,false,311,79,0,0,6037,1526,77,19
20200525,false,313,79,2,1,6090,1539,53,13
20200526,false,318,80,5,1,6137,1551,47,12
20200527,false,322,81,4,1,6229,1574,92,23
20200528,false,326,82,4,1,6270,1585,41,10
20200529,false,329,83,3,1,6338,1602,68,17
20200530,false,334,84,5,1,6418,1622,80,20
20200531,false,334,84,0,0,6506,1644,88,22
20200601,false,334,84,0,0,6573,1661,67,17
20200602,false,339,86,5,1,6692,1691,119,30
20200603,false,341,86,2,1,6805,1720,113,29
20200604,false,344,87,3,1,6907,1746,102,26
20200605,false,344,87,0,0,6907,1746,0,0
20200606,false,345,87,1,0,7003,1770,96,24
20200607,false,348,88,3,1,7150,1807,147,37
20200608,false,348,88,0,0,7205,1821,55,14
20200609,false,353,89,5,1,7363,1861,158,40
20200610,false,355,90,2,1,7480,1890,117,30
20200611,false,357,90,2,1,7626,1927,146,37
20200612,false,359,91,2,1,7848,1983,222,56
20200613,false,359,91,0,0,8073,2040,225,57
20200614,false,359,91,0,0,8231,2080,158,40
20200615,false,359,91,0,0,8417,2127,186,47
20200616,false,363,92,4,1,8645,2185,228,58
20200617,false,364,92,1,0,8904,2250,259,65
20200618,false,366,92,2,1,9354,2364,450,114
20200619,false,367,93,1,0,9706,2453,352,89
20200620,false,368,93,1,0,10037,2537,331,84
20200621,false,369,93,1,0,10515,2657,478,121
20200622,false,369,93,0,0,10733,2712,218,55
20200623,false,371,94,2,1,11028,2787,295,75
20200624,false,372,94,1,0,11510,2909,482,122
20200625,false,375,95,3,1,11948,3019,438,111
20200626,false,377,95,2,1,12343,3119,395,100
20200627,false,384,97,7,2,12642,3195,299,76
20200628,false,385,97,1,0,12944,3271,302,76
20200629,false,385,97,0,0,13172,3329,228,58
20200630,false,387,98,2,1,13757,3477,585,148
20200701,false,389,98,2,1,14112,3566,355,90
20200702,false,395,100,6,2,14539,3674,427,108
20200703,false,398,101,3,1,15065,3807,526,133
20200704,false,398,101,0,0,15645,3954,580,147
20200705,false,398,101,0,0,15928,4025,283,72
20200706,false,399,101,1,0,16362,4135,434,110
20200707,false,404,102,5,1,17220,4352,858,217
20200708,false,407,103,3,1,17893,4522,673,170
20200709,false,410,104,3,1,18496,4674,603,152
20200710,false,416,105,6,2,19092,4825,596,151
20200711,false,421,106,5,1,19779,4999,687,174
20200712,false,422,107,1,0,20235,5114,456,115
20200713,false,424,107,2,1,20745,5243,510,129
20200714,false,428,108,4,1,21738,5494,993,251
20200715,false,432,109,4,1,22813,5765,1075,272
20200716,false,438,111,6,2,23441,5924,628,159
20200717,false,445,112,7,2,24140,6101,699,177
20200718,false,451,114,6,2,25056,6332,916,231
20200719,false,451,114,0,0,25265,6385,209,53
20200720,false,452,114,1,0,25433,6427,168,42
20200721,false,461,117,9,2,26326,6653,893,226
20200722,false,474,120,13,3,27301,6899,975,246
20200723,false,477,121,3,1,27969,7068,668,169
20200724,false,484,122,7,2,29116,7358,1147,290
20200725,false,496,125,12,3,30081,7602,965,244
20200726,false,496,125,0,0,31285,7906,1204,304
20200727,false,496,125,0,0,32686,8260,1401,354
20200728,false,509,129,13,3,33775,8536,1089,275
20200729,false,523,132,14,4,34623,8750,848,214
20200730,false,536,135,13,3,35740,9032,1117,282
20200731,false,541,137,5,1,36487,9221,747,189
20200801,false,549,139,8,2,37731,9535,1244,314
20200802,false,550,139,1,0,38225,9660,494,125
20200803,false,551,139,1,0,38602,9755,377,95
20200804,false,566,143,15,4,39463,9973,861,218
20200805,false,583,147,17,4,40564,10251,1101,278
20200806,false,593,150,10,3,41401,10463,837,212
20200807,false,600,152,7,2,42255,10679,854,216
20200808,false,603,152,3,1,43080,10887,825,208
20200809,false,603,152,0,0,43566,11010,486,123
20200810,false,605,153,2,1,43963,11110,397,100
20200811,false,618,156,13,3,44728,11304,765,193
20200812,false,627,158,9,2,45398,11473,670,169
20200813,false,638,161,11,3,46103,11651,705,178
20200814,false,644,163,6,2,46897,11852,794,201
20200815,false,657,166,13,3,47798,12079,901,228
20200816,false,661,167,4,1,48342,12217,544,137
20200817,false,665,168,4,1,48711,12310,369,93
20200818,false,682,172,17,4,49326,12466,615,155
20200819,false,699,177,17,4,49923,12616,597,151
20200820,false,709,179,10,3,50669,12805,746,189
20200821,false,715,181,6,2,51746,13077,1077,272
20200822,false,725,183,10,3,52599,13293,853,216
20200823,false,726,183,1,0,53165,13436,566,143
20200824,false,730,184,4,1,53522,13526,357,90
20200825,false,744,188,14,4,54172,13690,650,164
20200826,false,763,193,19,5,54838,13859,666,168
20200827,false,778,197,15,4,55550,14039,712,180
20200828,false,786,199,8,2,56260,14218,710,179
20200829,false,797,201,11,3,57353,14494,1093,276
20200830,false,799,202,2,1,58020,14663,667,169
20200831,false,800,202,1,0,58733,14843,713,180
20200901,false,809,204,9,2,59399,15011,666,168
20200902,false,821,207,12,3,60118,15193,719,182
20200903,false,835,211,14,4,61027,15423,909,230
20200904,false,846,214,11,3,62040,15679,1013,256
20200905,false,850,215,4,1,63187,15969,1147,290
20200906,false,853,216,3,1,63607,16075,420,106
20200907,false,853,216,0,0,64220,16230,613,155
20200908,false,854,216,1,0,65053,16440,833,211
20200909,false,863,218,9,2,65929,16661,876,221
20200910,false,876,221,13,3,66700,16856,771,195
20200911,false,888,224,12,3,67642,17094,942,238
20200912,false,899,227,11,3,68659,17351,1017,257
20200913,false,905,229,6,2,69354,17527,695,176
20200914,false,905,229,0,0,70223,17747,869,220
20200915,false,912,230,7,2,71314,18022,1091,276
20200916,false,924,234,12,3,72284,18268,970,245
20200917,false,930,235,6,2,73318,18529,1034,261
20200918,false,939,237,9,2,74567,18844,1249,316
20200919,false,943,238,4,1,75804,19157,1237,313
20200920,false,946,239,3,1,76807,19411,1003,253
20200921,false,948,240,2,1,77908,19689,1101,278
20200922,false,962,243,14,4,79072,19983,1164,294
20200923,false,970,245,8,2,80161,20258,1089,275
20200924,false,981,248,11,3,81244,20532,1083,274
20200925,false,993,251,12,3,82520,20854,1276,322
20200926,false,1004,254,11,3,83510,21105,990,250
20200927,false,1004,254,0,0,83510,21105,0,0
20200928,false,1007,254,3,1,85194,21530,1684,426
20200929,false,1018,257,11,3,86219,21789,1025,259
20200930,false,1031,261,13,3,87199,22037,980,248
20201001,false,1035,262,4,1,88369,22332,1170,296
20201002,false,1044,264,9,2,89559,22633,1190,301
20201003,false,1051,266,7,2,90748,22934,1189,300
20201004,false,1052,266,1,0,91317,23078,569,144
20201005,false,1055,267,3,1,91982,23246,665,168
20201006,false,1066,269,11,3,93346,23590,1364,345
20201007,false,1075,272,9,2,94352,23845,1006,254
20201008,false,1085,274,10,3,95564,24151,1212,306
20201009,false,1091,276,6,2,97088,24536,1524,385
20201010,false,1095,277,4,1,98621,24923,1533,387
20201011,false,1098,277,3,1,99387,25117,766,194
20201012,false,1104,279,6,2,100184,25318,797,201
20201013,false,1119,283,15,4,101493,25649,1309,331
20201014,false,1132,286,13,3,102615,25933,1122,284
20201015,false,1143,289,11,3,103836,26241,1221,309
20201016,false,1154,292,11,3,105308,26613,1472,372
20201017,false,1168,295,14,4,106503,26915,1195,302
20201018,false,1171,296,3,1,107299,27116,796,201
20201019,false,1173,296,2,1,108073,27312,774,196
20201020,false,1191,301,18,5,109548,27685,1475,373
20201021,false,1210,306,19,5,110855,28015,1307,330
20201022,false,1221,309,11,3,112483,28427,1628,411
20201023,false,1234,312,13,3,113856,28774,1373,347
20201024,false,1245,315,11,3,115685,29236,1829,462
20201025,false,1249,316,4,1,116736,29501,1051,266
20201026,false,1251,316,2,1,117399,29669,663,168
20201027,false,1273,322,22,6,118409,29924,1010,255
20201028,false,1286,325,13,3,119152,30112,743,188
20201029,false,1306,330,20,5,120193,30375,1041,263
20201030,false,1326,335,20,5,121495,30704,1302,329
20201031,false,1337,338,11,3,122762,31024,1267,320
20201101,false,1345,340,8,2,124111,31365,1349,341
20201102,false,1354,342,9,2,125195,31639,1084,274
20201103,false,1375,347,21,5,126526,31975,1331,336
20201104,false,1392,352,17,4,127772,32290,1246,315
20201105,false,1413,357,21,5,129873,32821,2101,531
20201106,false,1429,361,16,4,131751,33296,1878,475
20201107,false,1429,361,0,0,131751,33296,0,0
20201108,false,1438,363,9,2,136258,34435,4507,1139
20201109,false,1444,365,6,2,138455,34990,2197,555
20201110,false,1451,367,7,2,140157,35420,1702,430
20201111,true,1457,368,6,2,141972,35879,1815,459
20201112,true,1463,370,6,2,143906,36368,1935,489
20201113,true,1469,371,6,1,145968,36889,2062,521
20201114,true,1474,373,5,1,148167,37445,2199,556
20201115,true,1479,374,5,1,150511,38037,2344,592
20201116,true,1483,375,4,1,153010,38669,2499,632
20201117,true,1487,376,4,1,155675,39342,2664,673
20201118,true,1491,377,4,1,158515,40060,2841,718
20201119,true,1494,378,3,1,161544,40825,3028,765
20201120,true,1498,378,3,1,164772,41641,3229,816
20201121,true,1500,379,3,1,168214,42511,3442,870
20201122,true,1503,380,3,1,171884,43438,3670,927
20201123,true,1506,381,3,1,175796,44427,3912,989
20201124,true,1508,381,2,1,179967,45481,4171,1054
