date,projected,deaths,deathsPerMillion,deathIncrease,deathIncreasePerMillion,positive,positivePerMillion,positiveIncrease,positiveIncreasePerMillion
20200304,false,0,0,0,0,0,0,0,0
20200305,false,0,0,0,0,0,0,0,0
20200306,false,0,0,0,0,0,0,0,0
20200307,false,0,0,0,0,2,0,2,0
20200308,false,0,0,0,0,2,0,0,0
20200309,false,0,0,0,0,7,1,5,1
20200310,false,0,0,0,0,7,1,0,0
20200311,false,0,0,0,0,9,2,2,0
20200312,false,0,0,0,0,10,2,1,0
20200313,false,0,0,0,0,12,2,2,0
20200314,false,0,0,0,0,13,3,1,0
20200315,false,0,0,0,0,19,4,6,1
20200316,false,1,0,1,0,28,5,9,2
20200317,false,1,0,0,0,33,6,5,1
20200318,false,1,0,0,0,60,12,27,5
20200319,false,1,0,0,0,60,12,0,0
20200320,false,1,0,0,0,81,16,21,4
20200321,false,1,0,0,0,152,30,71,14
20200322,false,3,1,2,0,195,38,43,8
20200323,false,5,1,2,0,298,58,103,20
20200324,false,5,1,0,0,298,58,0,0
20200325,false,7,1,2,0,424,82,126,24
20200326,false,9,2,2,0,456,89,32,6
20200327,false,9,2,0,0,456,89,0,0
20200328,false,13,3,4,1,539,105,83,16
20200329,false,16,3,3,1,774,150,235,46
20200330,false,18,3,2,0,925,180,151,29
20200331,false,22,4,4,1,1083,210,158,31
20200401,false,26,5,4,1,1293,251,210,41
20200402,false,31,6,5,1,1554,302,261,51
20200403,false,31,6,0,0,1554,302,0,0
20200404,false,40,8,9,2,1917,372,363,71
20200405,false,44,9,4,1,2049,398,132,26
20200406,false,44,9,0,0,2049,398,0,0
20200407,false,51,10,7,1,2417,469,368,71
20200408,false,63,12,12,2,2552,496,135,26
20200409,false,67,13,4,1,2792,542,240,47
20200410,false,72,14,5,1,3065,595,273,53
20200411,false,80,16,8,2,3207,623,142,28
20200412,false,82,16,2,0,3319,645,112,22
20200413,false,82,16,0,0,3319,645,0,0
20200414,false,97,19,15,3,3553,690,234,45
20200415,false,107,21,10,2,3656,710,103,20
20200416,false,107,21,0,0,3656,710,0,0
20200417,false,109,21,2,0,3931,763,275,53
20200418,false,119,23,10,2,4246,825,315,61
20200419,false,120,23,1,0,4377,850,131,25
20200420,false,120,23,0,0,4377,850,0,0
20200421,false,124,24,4,1,4439,862,62,12
20200422,false,140,27,16,3,4761,925,322,63
20200423,false,150,29,10,2,4917,955,156,30
20200424,false,150,29,0,0,4917,955,0,0
20200425,false,166,32,16,3,5253,1020,336,65
20200426,false,174,34,8,2,5490,1066,237,46
20200427,false,174,34,0,0,5490,1066,0,0
20200428,false,177,34,3,1,5613,1090,123,24
20200429,false,203,39,26,5,5881,1142,268,52
20200430,false,244,47,41,8,6095,1184,214,42
20200501,false,256,50,12,2,6258,1215,163,32
20200502,false,267,52,11,2,6489,1260,231,45
20200503,false,275,53,8,2,6626,1287,137,27
20200504,false,275,53,0,0,6626,1287,0,0
20200505,false,283,55,8,2,6757,1312,131,25
20200506,false,305,59,22,4,6936,1347,179,35
20200507,false,305,59,0,0,6936,1347,0,0
20200508,false,316,61,11,2,7142,1387,206,40
20200509,false,330,64,14,3,7531,1463,389,76
20200510,false,331,64,1,0,7653,1486,122,24
20200511,false,331,64,0,0,7653,1486,0,0
20200512,false,355,69,24,5,7927,1540,274,53
20200513,false,355,69,0,0,7927,1540,0,0
20200514,false,371,72,16,3,8189,1590,262,51
20200515,false,380,74,9,2,8407,1633,218,42
20200516,false,380,74,0,0,8407,1633,0,0
20200517,false,380,74,0,0,8816,1712,409,79
20200518,false,391,76,11,2,8942,1737,126,24
20200519,false,399,77,8,2,9056,1759,114,22
20200520,false,399,77,0,0,9056,1759,0,0
20200521,false,407,79,8,2,9175,1782,119,23
20200522,false,419,81,12,2,9638,1872,463,90
20200523,false,425,83,6,1,9895,1922,257,50
20200524,false,435,84,10,2,10096,1961,201,39
20200525,false,440,85,5,1,10178,1977,82,16
20200526,false,446,87,6,1,10416,2023,238,46
20200527,false,466,91,20,4,10623,2063,207,40
20200528,false,470,91,4,1,10788,2095,165,32
20200529,false,483,94,13,3,11131,2162,343,67
20200530,false,487,95,4,1,11394,2213,263,51
20200531,false,494,96,7,1,11861,2304,467,91
20200601,false,500,97,6,1,12148,2359,287,56
20200602,false,501,97,1,0,12415,2411,267,52
20200603,false,518,101,17,3,12651,2457,236,46
20200604,false,525,102,7,1,13005,2526,354,69
20200605,false,538,104,13,3,13453,2613,448,87
20200606,false,545,106,7,1,13916,2703,463,90
20200607,false,546,106,1,0,14286,2775,370,72
20200608,false,557,108,11,2,14800,2875,514,100
20200609,false,568,110,11,2,15228,2958,428,83
20200610,false,575,112,7,1,15759,3061,531,103
20200611,false,588,114,13,3,16441,3193,682,132
20200612,false,593,115,5,1,17170,3335,729,142
20200613,false,599,116,6,1,17955,3487,785,152
20200614,false,600,117,1,0,18795,3650,840,163
20200615,false,602,117,2,0,19378,3764,583,113
20200616,false,607,118,5,1,19990,3883,612,119
20200617,false,617,120,10,2,20556,3992,566,110
20200618,false,621,121,4,1,21548,4185,992,193
20200619,false,639,124,18,3,22631,4395,1083,210
20200620,false,644,125,5,1,23786,4620,1155,224
20200621,false,653,127,9,2,24693,4796,907,176
20200622,false,659,128,6,1,25701,4992,1008,196
20200623,false,673,131,14,3,26613,5169,912,177
20200624,false,683,133,10,2,27897,5418,1284,249
20200625,false,693,135,10,2,29022,5637,1125,219
20200626,false,694,135,1,0,30335,5892,1313,255
20200627,false,711,138,17,3,31939,6203,1604,312
20200628,false,716,139,5,1,33320,6472,1381,268
20200629,false,720,140,4,1,34644,6729,1324,257
20200630,false,739,144,19,4,36399,7070,1755,341
20200701,false,766,149,27,5,37919,7365,1520,295
20200702,false,784,152,18,3,39701,7711,1782,346
20200703,false,793,154,9,2,41532,8066,1831,356
20200704,false,813,158,20,4,43386,8427,1854,360
20200705,false,820,159,7,1,44847,8710,1461,284
20200706,false,827,161,7,1,46380,9008,1533,298
20200707,false,846,164,19,4,47352,9197,972,189
20200708,false,884,172,38,7,48909,9499,1557,302
20200709,false,905,176,21,4,50691,9845,1782,346
20200710,false,929,180,24,5,52419,10181,1728,336
20200711,false,951,185,22,4,54699,10624,2280,443
20200712,false,961,187,10,2,56648,11002,1949,379
20200713,false,972,189,11,2,58168,11298,1520,295
20200714,false,993,193,21,4,60389,11729,2221,431
20200715,false,998,194,5,1,62245,12089,1856,360
20200716,false,1070,208,72,14,64083,12446,1838,357
20200717,false,1096,213,26,5,66060,12830,1977,384
20200718,false,1135,220,39,8,67612,13132,1552,301
20200719,false,1155,224,20,4,69986,13593,2374,461
20200720,false,1164,226,9,2,71445,13876,1459,283
20200721,false,1221,237,57,11,73337,14244,1892,367
20200722,false,1285,250,64,12,75042,14575,1705,331
20200723,false,1334,259,49,10,76606,14879,1564,304
20200724,false,1385,269,51,10,78607,15267,2001,389
20200725,false,1465,285,80,16,80008,15539,1401,272
20200726,false,1491,290,26,5,81199,15771,1191,231
20200727,false,1506,293,15,3,82417,16007,1218,237
20200728,false,1565,304,59,11,84109,16336,1692,329
20200729,false,1615,314,50,10,85846,16673,1737,337
20200730,false,1667,324,52,10,87572,17009,1726,335
20200731,false,1712,333,45,9,89016,17289,1444,280
20200801,false,1751,340,39,8,90599,17596,1583,307
20200802,false,1777,345,26,5,91788,17827,1189,231
20200803,false,1793,348,16,3,92951,18053,1163,226
20200804,false,1847,359,54,10,94190,18294,1239,241
20200805,false,1894,368,47,9,95472,18543,1282,249
20200806,false,1943,377,49,10,96797,18800,1325,257
20200807,false,1962,381,19,4,98219,19076,1422,276
20200808,false,2007,390,45,9,99460,19317,1241,241
20200809,false,2031,394,24,5,100435,19507,975,189
20200810,false,2049,398,18,3,101159,19647,724,141
20200811,false,2098,407,49,10,102130,19836,971,189
20200812,false,2144,416,46,9,102974,20000,844,164
20200813,false,2186,425,42,8,103909,20182,935,182
20200814,false,2204,428,18,3,104841,20363,932,181
20200815,false,2260,439,56,11,105882,20565,1041,202
20200816,false,2269,441,9,2,106497,20684,615,119
20200817,false,2288,444,19,4,106953,20773,456,89
20200818,false,2343,455,55,11,107672,20912,719,140
20200819,false,2360,458,17,3,108411,21056,739,144
20200820,false,2401,466,41,8,109320,21232,909,177
20200821,false,2459,478,58,11,110378,21438,1058,205
20200822,false,2493,484,34,7,111295,21616,917,178
20200823,false,2504,486,11,2,111988,21751,693,135
20200824,false,2511,488,7,1,112551,21860,563,109
20200825,false,2529,491,18,3,113488,22042,937,182
20200826,false,2573,500,44,9,114093,22160,605,118
20200827,false,2628,510,55,11,114598,22258,505,98
20200828,false,2655,516,27,5,115951,22520,1353,263
20200829,false,2698,524,43,8,117249,22772,1298,252
20200830,false,2709,526,11,2,118324,22981,1075,209
20200831,false,2720,528,11,2,118992,23111,668,130
20200901,false,2757,535,37,7,119846,23277,854,166
20200902,false,2794,543,37,7,120503,23404,657,128
20200903,false,2807,545,13,3,121696,23636,1193,232
20200904,false,2846,553,39,8,123325,23953,1629,316
20200905,false,2877,559,31,6,124289,24140,964,187
20200906,false,2887,561,10,2,124952,24269,663,129
20200907,false,2907,565,20,4,125607,24396,655,127
20200908,false,2912,566,5,1,125908,24454,301,58
20200909,false,2942,571,30,6,126213,24513,305,59
20200910,false,2975,578,33,6,126592,24587,379,74
20200911,false,3028,588,53,10,129046,25064,2454,477
20200912,false,3040,590,12,2,129978,25245,932,181
20200913,false,3064,595,24,5,131864,25611,1886,366
20200914,false,3077,598,13,3,132680,25770,816,158
20200915,false,3098,602,21,4,133470,25923,790,153
20200916,false,3132,608,34,7,134122,26050,652,127
20200917,false,3158,613,26,5,135446,26307,1324,257
20200918,false,3177,617,19,4,136318,26476,872,169
20200919,false,3188,619,11,2,137240,26655,922,179
20200920,false,3199,621,11,2,137708,26746,468,91
20200921,false,3212,624,13,3,138124,26827,416,81
20200922,false,3243,630,31,6,140789,27344,2665,518
20200923,false,3262,634,19,4,141686,27519,897,174
20200924,false,3279,637,17,3,142707,27717,1021,198
20200925,false,3297,640,18,3,143902,27949,1195,232
20200926,false,3323,645,26,5,145273,28215,1371,266
20200927,false,3326,646,3,1,145887,28335,614,119
20200928,false,3337,648,11,2,146455,28445,568,110
20200929,false,3359,652,22,4,147634,28674,1179,229
20200930,false,3378,656,19,4,147942,28734,308,60
20201001,false,3400,660,22,4,148323,28808,381,74
20201002,false,3409,662,9,2,149185,28975,862,167
20201003,false,3442,669,33,6,150891,29307,1706,331
20201004,false,3453,671,11,2,151582,29441,691,134
20201005,false,3456,671,3,1,152159,29553,577,112
20201006,false,3471,674,15,3,152970,29710,811,158
20201007,false,3502,680,31,6,153705,29853,735,143
20201008,false,3514,683,12,2,154755,30057,1050,204
20201009,false,3530,686,16,3,155676,30236,921,179
20201010,false,3551,690,21,4,156621,30419,945,184
20201011,false,3552,690,1,0,157406,30572,785,152
20201012,false,3559,691,7,1,158055,30698,649,126
20201013,false,3576,695,17,3,158883,30859,828,161
20201014,false,3593,698,17,3,159809,31039,926,180
20201015,false,3607,701,14,3,161106,31291,1297,252
20201016,false,3615,702,8,2,162253,31513,1147,223
20201017,false,3637,706,22,4,163214,31700,961,187
20201018,false,3650,709,13,3,163990,31851,776,151
20201019,false,3661,711,11,2,164609,31971,619,120
20201020,false,3696,718,35,7,165493,32143,884,172
20201021,false,3708,720,12,2,166357,32310,864,168
20201022,false,3755,729,47,9,167485,32529,1128,219
20201023,false,3777,734,22,4,168549,32736,1064,207
20201024,false,3793,737,16,3,169341,32890,792,154
20201025,false,3802,738,9,2,170678,33150,1337,260
20201026,false,3823,743,21,4,171501,33309,823,160
20201027,false,3842,746,19,4,172579,33519,1078,209
20201028,false,3876,753,34,7,173491,33696,912,177
20201029,false,3889,755,13,3,174591,33910,1100,214
20201030,false,3896,757,7,1,175594,34104,1003,195
20201031,false,3935,764,39,8,176612,34302,1018,198
20201101,false,3936,764,1,0,178023,34576,1411,274
20201102,false,3946,766,10,2,178917,34750,894,174
20201103,false,3968,771,22,4,179952,34951,1035,201
20201104,false,3985,774,17,3,180870,35129,918,178
20201105,false,3992,775,7,1,181639,35279,769,149
20201106,false,4005,778,13,3,182872,35518,1233,239
20201107,false,4015,780,10,2,184742,35881,1870,363
20201108,false,4036,784,21,4,185688,36065,946,184
20201109,false,4041,785,5,1,186391,36201,703,137
20201110,false,4062,789,21,4,187738,36463,1347,262
20201111,true,4082,793,20,4,189093,36726,1355,263
20201112,true,4102,797,20,4,190457,36991,1364,265
20201113,true,4121,800,19,4,191830,37258,1372,267
20201114,true,4140,804,19,4,193211,37526,1381,268
20201115,true,4158,808,18,3,194600,37796,1390,270
20201116,true,4175,811,17,3,195999,38068,1398,272
20201117,true,4192,814,17,3,197406,38341,1407,273
20201118,true,4208,817,16,3,198822,38616,1416,275
20201119,true,4224,820,16,3,200247,38893,1425,277
20201120,true,4239,823,15,3,201680,39171,1434,278
20201121,true,4254,826,15,3,203123,39451,1443,280
20201122,true,4268,829,14,3,204575,39733,1452,282
20201123,true,4282,832,14,3,206036,40017,1461,284
20201124,true,4296,834,13,3,207505,40302,1470,285
