date,projected,deaths,deathsPerMillion,deathIncrease,deathIncreasePerMillion,positive,positivePerMillion,positiveIncrease,positiveIncreasePerMillion
20200307,false,0,0,0,0,1,0,0,0
20200308,false,0,0,0,0,1,0,0,0
20200309,false,0,0,0,0,1,0,0,0
20200310,false,0,0,0,0,2,1,1,0
20200311,false,0,0,0,0,2,1,0,0
20200312,false,0,0,0,0,4,1,2,1
20200313,false,0,0,0,0,6,2,2,1
20200314,false,0,0,0,0,6,2,0,0
20200315,false,0,0,0,0,28,9,22,7
20200316,false,0,0,0,0,39,12,11,3
20200317,false,0,0,0,0,51,16,12,4
20200318,false,0,0,0,0,63,20,12,4
20200319,false,0,0,0,0,78,24,15,5
20200320,false,0,0,0,0,112,35,34,11
20200321,false,0,0,0,0,136,42,24,7
20200322,false,1,0,1,0,181,56,45,14
20200323,false,1,0,0,0,257,80,76,24
20200324,false,1,0,0,0,299,93,42,13
20200325,false,1,0,0,0,346,108,47,15
20200326,false,1,0,0,0,402,125,56,17
20200327,false,2,1,1,0,480,150,78,24
20200328,false,2,1,0,0,602,188,122,38
20200329,false,2,1,0,0,719,224,117,36
20200330,false,4,1,2,1,806,251,87,27
20200331,false,5,2,1,0,887,277,81,25
20200401,false,7,2,2,1,1012,316,125,39
20200402,false,7,2,0,0,1074,335,62,19
20200403,false,7,2,0,0,1246,389,172,54
20200404,false,8,2,1,0,1428,445,182,57
20200405,false,8,2,0,0,1605,501,177,55
20200406,false,13,4,5,2,1675,522,70,22
20200407,false,13,4,0,0,1738,542,63,20
20200408,false,13,4,0,0,1846,576,108,34
20200409,false,13,4,0,0,1976,616,130,41
20200410,false,17,5,4,1,2102,656,126,39
20200411,false,18,6,1,0,2206,688,104,32
20200412,false,18,6,0,0,2303,718,97,30
20200413,false,18,6,0,0,2363,737,60,19
20200414,false,19,6,1,0,2412,752,49,15
20200415,false,20,6,1,0,2542,793,130,41
20200416,false,21,7,1,0,2683,837,141,44
20200417,false,23,7,2,1,2805,875,122,38
20200418,false,25,8,2,1,2931,914,126,39
20200419,false,27,8,2,1,3069,957,138,43
20200420,false,28,9,1,0,3213,1002,144,45
20200421,false,32,10,4,1,3296,1028,83,26
20200422,false,34,11,2,1,3445,1075,149,46
20200423,false,35,11,1,0,3612,1127,167,52
20200424,false,39,12,4,1,3782,1180,170,53
20200425,false,41,13,2,1,3948,1231,166,52
20200426,false,41,13,0,0,4123,1286,175,55
20200427,false,41,13,0,0,4233,1320,110,34
20200428,false,45,14,4,1,4343,1355,110,34
20200429,false,45,14,0,0,4495,1402,152,47
20200430,false,46,14,1,0,4672,1457,177,55
20200501,false,46,14,0,0,4828,1506,156,49
20200502,false,49,15,3,1,4981,1554,153,48
20200503,false,50,16,1,0,5175,1614,194,61
20200504,false,50,16,0,0,5317,1658,142,44
20200505,false,56,17,6,2,5449,1700,132,41
20200506,false,58,18,2,1,5595,1745,146,46
20200507,false,61,19,3,1,5724,1785,129,40
20200508,false,61,19,0,0,5919,1846,195,61
20200509,false,66,21,5,2,6103,1904,184,57
20200510,false,67,21,1,0,6251,1950,148,46
20200511,false,68,21,1,0,6362,1984,111,35
20200512,false,73,23,5,2,6432,2006,70,22
20200513,false,75,23,2,1,6620,2065,188,59
20200514,false,75,23,0,0,6749,2105,129,40
20200515,false,77,24,2,1,6913,2156,164,51
20200516,false,78,24,1,0,7068,2205,155,48
20200517,false,80,25,2,1,7238,2258,170,53
20200518,false,80,25,0,0,7384,2303,146,46
20200519,false,88,27,8,2,7518,2345,134,42
20200520,false,90,28,2,1,7710,2405,192,60
20200521,false,92,29,2,1,7874,2456,164,51
20200522,false,93,29,1,0,8057,2513,183,57
20200523,false,97,30,4,1,8260,2576,203,63
20200524,false,97,30,0,0,8392,2618,132,41
20200525,false,98,31,1,0,8521,2658,129,40
20200526,false,101,32,3,1,8620,2689,99,31
20200527,false,105,33,4,1,8706,2716,86,27
20200528,false,106,33,1,0,8921,2783,215,67
20200529,false,107,33,1,0,9264,2890,343,107
20200530,false,112,35,5,2,9533,2974,269,84
20200531,false,113,35,1,0,9797,3056,264,82
20200601,false,113,35,0,0,9999,3119,202,63
20200602,false,113,35,0,0,10202,3182,203,63
20200603,false,117,36,4,1,10497,3274,295,92
20200604,false,117,36,0,0,10813,3373,316,99
20200605,false,120,37,3,1,11252,3510,439,137
20200606,false,121,38,1,0,11798,3680,546,170
20200607,false,121,38,0,0,12066,3764,268,84
20200608,false,124,39,3,1,12322,3843,256,80
20200609,false,127,40,3,1,12559,3917,237,74
20200610,false,128,40,1,0,12864,4013,305,95
20200611,false,131,41,3,1,13252,4134,388,121
20200612,false,139,43,8,2,13577,4235,325,101
20200613,false,139,43,0,0,13981,4361,404,126
20200614,false,139,43,0,0,14313,4465,332,104
20200615,false,143,45,4,1,14608,4557,295,92
20200616,false,145,45,2,1,14937,4659,329,103
20200617,false,149,46,4,1,15344,4786,407,127
20200618,false,152,47,3,1,15839,4940,495,154
20200619,false,155,48,3,1,16425,5123,586,183
20200620,false,155,48,0,0,17068,5324,643,201
20200621,false,158,49,3,1,17462,5447,394,123
20200622,false,158,49,0,0,17906,5585,444,138
20200623,false,163,51,5,2,18300,5708,394,123
20200624,false,163,51,0,0,18784,5859,484,151
20200625,false,164,51,1,0,19374,6043,590,184
20200626,false,166,52,2,1,20050,6254,676,211
20200627,false,167,52,1,0,20628,6434,578,180
20200628,false,167,52,0,0,21100,6581,472,147
20200629,false,168,52,1,0,21664,6757,564,176
20200630,false,172,54,4,1,22217,6930,553,172
20200701,false,173,54,1,0,22716,7086,499,156
20200702,false,176,55,3,1,23270,7258,554,173
20200703,false,181,56,5,2,23866,7444,596,186
20200704,false,181,56,0,0,24542,7655,676,211
20200705,false,184,57,3,1,24952,7783,410,128
20200706,false,190,59,6,2,25469,7944,517,161
20200707,false,194,61,4,1,26033,8120,564,176
20200708,false,201,63,7,2,26755,8345,722,225
20200709,false,205,64,4,1,27356,8533,601,187
20200710,false,207,65,2,1,28223,8803,867,270
20200711,false,212,66,5,2,28855,9000,632,197
20200712,false,215,67,3,1,29484,9197,629,196
20200713,false,216,67,1,0,30030,9367,546,170
20200714,false,226,70,10,3,30478,9507,448,140
20200715,false,233,73,7,2,30891,9635,413,129
20200716,false,234,73,1,0,31845,9933,954,298
20200717,false,235,73,1,0,32572,10160,727,227
20200718,false,243,76,8,2,33332,10397,760,237
20200719,false,243,76,0,0,34117,10642,785,245
20200720,false,247,77,4,1,34526,10769,409,128
20200721,false,251,78,4,1,35012,10921,486,152
20200722,false,260,81,9,3,35578,11097,566,177
20200723,false,267,83,7,2,36099,11260,521,163
20200724,false,273,85,6,2,36962,11529,863,269
20200725,false,274,85,1,0,37623,11735,661,206
20200726,false,274,85,0,0,37973,11845,350,109
20200727,false,281,88,7,2,38409,11981,436,136
20200728,false,286,89,5,2,38855,12120,446,139
20200729,false,292,91,6,2,39194,12225,339,106
20200730,false,300,94,8,2,39696,12382,502,157
20200731,false,304,95,4,1,40196,12538,500,156
20200801,false,310,97,6,2,40702,12696,506,158
20200802,false,311,97,1,0,41175,12843,473,148
20200803,false,314,98,3,1,41529,12954,354,110
20200804,false,321,100,7,2,41907,13072,378,118
20200805,false,327,102,6,2,42328,13203,421,131
20200806,false,330,103,3,1,42915,13386,587,183
20200807,false,335,104,5,2,43375,13529,460,143
20200808,false,335,104,0,0,43751,13647,376,117
20200809,false,336,105,1,0,44127,13764,376,117
20200810,false,345,108,9,3,44390,13846,263,82
20200811,false,349,109,4,1,44752,13959,362,113
20200812,false,351,109,2,1,45090,14064,338,105
20200813,false,353,110,2,1,45424,14169,334,104
20200814,false,360,112,7,2,45976,14341,552,172
20200815,false,363,113,3,1,46321,14448,345,108
20200816,false,363,113,0,0,46652,14552,331,103
20200817,false,364,114,1,0,46894,14627,242,75
20200818,false,369,115,5,2,47157,14709,263,82
20200819,false,377,118,8,2,47521,14823,364,114
20200820,false,381,119,4,1,47982,14967,461,144
20200821,false,383,119,2,1,48445,15111,463,144
20200822,false,385,120,2,1,48814,15226,369,115
20200823,false,385,120,0,0,49115,15320,301,94
20200824,false,390,122,5,2,49364,15398,249,78
20200825,false,397,124,7,2,49767,15523,403,126
20200826,false,401,125,4,1,50174,15650,407,127
20200827,false,403,126,2,1,50557,15770,383,119
20200828,false,407,127,4,1,50948,15892,391,122
20200829,false,407,127,0,0,51406,16035,458,143
20200830,false,407,127,0,0,51854,16174,448,140
20200831,false,407,127,0,0,52107,16253,253,79
20200901,false,409,128,2,1,52403,16346,296,92
20200902,false,410,128,1,0,52822,16476,419,131
20200903,false,414,129,4,1,53326,16633,504,157
20200904,false,419,131,5,2,53839,16793,513,160
20200905,false,420,131,1,0,54272,16928,433,135
20200906,false,422,132,2,1,54660,17050,388,121
20200907,false,423,132,1,0,55033,17166,373,116
20200908,false,424,132,1,0,55359,17268,326,102
20200909,false,427,133,3,1,55673,17365,314,98
20200910,false,430,134,3,1,56019,17473,346,108
20200911,false,431,134,1,0,56675,17678,656,205
20200912,false,433,135,2,1,57247,17856,572,178
20200913,false,433,135,0,0,57875,18052,628,196
20200914,false,436,136,3,1,58438,18228,563,176
20200915,false,436,136,0,0,59000,18403,562,175
20200916,false,437,136,1,0,59747,18636,747,233
20200917,false,437,136,0,0,60658,18920,911,284
20200918,false,437,136,0,0,61775,19269,1117,348
20200919,false,440,137,3,1,62852,19605,1077,336
20200920,false,440,137,0,0,63772,19892,920,287
20200921,false,441,138,1,0,64394,20086,622,194
20200922,false,443,138,2,1,65044,20288,650,203
20200923,false,444,138,1,0,65921,20562,877,274
20200924,false,444,138,0,0,67119,20936,1198,374
20200925,false,448,140,4,1,68530,21376,1411,440
20200926,false,448,140,0,0,69547,21693,1017,317
20200927,false,453,141,5,2,70615,22026,1068,333
20200928,false,453,141,0,0,71442,22284,827,258
20200929,false,457,143,4,1,72136,22501,694,216
20200930,false,459,143,2,1,73042,22783,906,283
20201001,false,459,143,0,0,74050,23098,1008,314
20201002,false,474,148,15,5,75157,23443,1107,345
20201003,false,476,148,2,1,76225,23776,1068,333
20201004,false,478,149,2,1,77618,24211,1393,435
20201005,false,482,150,4,1,78723,24555,1105,345
20201006,false,488,152,6,2,79439,24779,716,223
20201007,false,496,155,8,2,80446,25093,1007,314
20201008,false,501,156,5,2,81947,25561,1501,468
20201009,false,505,158,4,1,83290,25980,1343,419
20201010,false,510,159,5,2,84644,26402,1354,422
20201011,false,517,161,7,2,85844,26776,1200,374
20201012,false,522,163,5,2,86832,27085,988,308
20201013,false,522,163,0,0,87819,27392,987,308
20201014,false,527,164,5,2,88963,27749,1144,357
20201015,false,529,165,2,1,90461,28217,1498,467
20201016,false,537,168,8,2,91957,28683,1496,467
20201017,false,540,168,3,1,93297,29101,1340,418
20201018,false,543,169,3,1,94394,29443,1097,342
20201019,false,546,170,3,1,95562,29808,1168,364
20201020,false,551,172,5,2,96643,30145,1081,337
20201021,false,557,174,6,2,98006,30570,1363,425
20201022,false,563,176,6,2,99549,31051,1543,481
20201023,false,567,177,4,1,101509,31663,1960,611
20201024,false,568,177,1,0,103117,32164,1608,502
20201025,false,572,178,4,1,104882,32715,1765,551
20201026,false,574,179,2,1,106083,33089,1201,375
20201027,false,578,180,4,1,107228,33446,1145,357
20201028,false,588,183,10,3,108803,33938,1575,491
20201029,false,598,187,10,3,110640,34511,1837,573
20201030,false,601,187,3,1,112932,35226,2292,715
20201031,false,604,188,3,1,114656,35763,1724,538
20201101,false,614,192,10,3,116510,36342,1854,578
20201102,false,614,192,0,0,117706,36715,1196,373
20201103,false,620,193,6,2,119375,37235,1669,521
20201104,false,625,195,5,2,121485,37894,2110,658
20201105,false,632,197,7,2,124292,38769,2807,876
20201106,false,649,202,17,5,127279,39701,2987,932
20201107,false,658,205,9,3,130235,40623,2956,922
20201108,false,659,206,1,0,132621,41367,2386,744
20201109,false,661,206,2,1,134868,42068,2247,701
20201110,false,672,210,11,3,137385,42853,2517,785
20201111,true,683,213,11,3,140022,43675,2637,822
20201112,true,695,217,11,4,142784,44537,2762,862
20201113,true,706,220,12,4,145677,45439,2893,902
20201114,true,718,224,12,4,148708,46385,3031,945
20201115,true,730,228,12,4,151883,47375,3175,990
20201116,true,742,232,12,4,155209,48413,3326,1037
20201117,true,755,235,13,4,158692,49499,3484,1087
20201118,true,768,239,13,4,162342,50638,3650,1138
20201119,true,781,244,13,4,166165,51830,3823,1192
20201120,true,794,248,13,4,170170,53079,4005,1249
20201121,true,807,252,13,4,174365,54388,4195,1309
20201122,true,821,256,14,4,178760,55759,4395,1371
20201123,true,835,260,14,4,183363,57195,4604,1436
20201124,true,849,265,14,4,188186,58699,4822,1504
20201125,true,864,269,14,5,193237,60274,5052,1576
20201126,true,879,274,15,5,198529,61925,5292,1651
20201127,true,894,279,15,5,204072,63654,5543,1729
20201128,true,909,283,15,5,209879,65465,5807,1811
20201129,true,924,288,16,5,215962,67363,6083,1897
20201130,true,940,293,16,5,222334,69350,6372,1988
20201201,true,957,298,16,5,229009,71432,6675,2082
