date,projected,deaths,deathsPerMillion,deathIncrease,deathIncreasePerMillion,positive,positivePerMillion,positiveIncrease,positiveIncreasePerMillion
20200227,false,0,0,0,0,0,0,0,0
20200228,false,0,0,0,0,0,0,0,0
20200229,false,0,0,0,0,0,0,0,0
20200301,false,0,0,0,0,0,0,0,0
20200302,false,0,0,0,0,0,0,0,0
20200303,false,0,0,0,0,0,0,0,0
20200304,false,0,0,0,0,0,0,0,0
20200305,false,0,0,0,0,0,0,0,0
20200306,false,0,0,0,0,0,0,0,0
20200307,false,0,0,0,0,0,0,0,0
20200308,false,0,0,0,0,2,0,2,0
20200309,false,0,0,0,0,3,0,1,0
20200310,false,0,0,0,0,8,1,5,1
20200311,false,0,0,0,0,9,1,1,0
20200312,false,0,0,0,0,17,2,8,1
20200313,false,0,0,0,0,30,4,13,2
20200314,false,0,0,0,0,30,4,0,0
20200315,false,1,0,1,0,45,5,15,2
20200316,false,1,0,0,0,51,6,6,1
20200317,false,1,0,0,0,67,8,16,2
20200318,false,1,0,0,0,77,9,10,1
20200319,false,2,0,1,0,94,11,17,2
20200320,false,2,0,0,0,114,13,20,2
20200321,false,2,0,0,0,152,18,38,4
20200322,false,3,0,1,0,219,26,67,8
20200323,false,6,1,3,0,254,30,35,4
20200324,false,7,1,1,0,290,34,36,4
20200325,false,9,1,2,0,391,46,101,12
20200326,false,13,2,4,0,460,54,69,8
20200327,false,14,2,1,0,604,71,144,17
20200328,false,17,2,3,0,739,87,135,16
20200329,false,22,3,5,1,890,104,151,18
20200330,false,25,3,3,0,1020,120,130,15
20200331,false,27,3,2,0,1250,146,230,27
20200401,false,34,4,7,1,1484,174,234,27
20200402,false,41,5,7,1,1706,200,222,26
20200403,false,46,5,5,1,2012,236,306,36
20200404,false,52,6,6,1,2407,282,395,46
20200405,false,51,6,-1,0,2637,309,230,27
20200406,false,54,6,3,0,2878,337,241,28
20200407,false,63,7,9,1,3333,390,455,53
20200408,false,75,9,12,1,3645,427,312,37
20200409,false,109,13,34,4,4042,474,397,47
20200410,false,121,14,12,1,4509,528,467,55
20200411,false,130,15,9,1,5077,595,568,67
20200412,false,141,17,11,1,5274,618,197,23
20200413,false,149,17,8,1,5747,673,473,55
20200414,false,154,18,5,1,6171,723,424,50
20200415,false,195,23,41,5,6500,762,329,39
20200416,false,208,24,13,2,6889,807,389,46
20200417,false,231,27,23,3,7491,878,602,71
20200418,false,258,30,27,3,8053,943,562,66
20200419,false,277,32,19,2,8537,1000,484,57
20200420,false,300,35,23,3,8990,1053,453,53
20200421,false,324,38,24,3,9630,1128,640,75
20200422,false,349,41,25,3,10266,1203,636,75
20200423,false,372,44,23,3,10998,1288,732,86
20200424,false,410,48,38,4,11594,1358,596,70
20200425,false,436,51,26,3,12366,1449,772,90
20200426,false,448,52,12,1,12970,1520,604,71
20200427,false,458,54,10,1,13535,1586,565,66
20200428,false,492,58,34,4,14339,1680,804,94
20200429,false,522,61,30,4,14961,1753,622,73
20200430,false,552,65,30,4,15846,1856,885,104
20200501,false,581,68,29,3,16901,1980,1055,124
20200502,false,616,72,35,4,17731,2077,830,97
20200503,false,660,77,44,5,18671,2187,940,110
20200504,false,684,80,24,3,19492,2284,821,96
20200505,false,713,84,29,3,20256,2373,764,90
20200506,false,713,84,0,0,20256,2373,0,0
20200507,false,769,90,56,7,21570,2527,1314,154
20200508,false,812,95,43,5,22342,2618,772,90
20200509,false,827,97,15,2,23196,2718,854,100
20200510,false,839,98,12,1,24081,2821,885,104
20200511,false,850,100,11,1,25070,2937,989,116
20200512,false,891,104,41,5,25800,3023,730,86
20200513,false,927,109,36,4,26746,3133,946,111
20200514,false,955,112,28,3,27813,3259,1067,125
20200515,false,977,114,22,3,28672,3359,859,101
20200516,false,1002,117,25,3,29683,3478,1011,118
20200517,false,1009,118,7,1,30388,3560,705,83
20200518,false,1014,119,5,1,31140,3648,752,88
20200519,false,1041,122,27,3,32145,3766,1005,118
20200520,false,1074,126,33,4,32908,3855,763,89
20200521,false,1099,129,25,3,34137,3999,1229,144
20200522,false,1136,133,37,4,34950,4095,813,95
20200523,false,1159,136,23,3,35749,4188,799,94
20200524,false,1171,137,12,1,36244,4246,495,58
20200525,false,1208,142,37,4,37727,4420,1483,174
20200526,false,1236,145,28,3,39342,4609,1615,189
20200527,false,1281,150,45,5,40249,4715,907,106
20200528,false,1338,157,57,7,41401,4850,1152,135
20200529,false,1358,159,20,2,42533,4983,1132,133
20200530,false,1370,161,12,1,43611,5109,1078,126
20200531,false,1375,161,5,1,44607,5226,996,117
20200601,false,1392,163,17,2,45398,5319,791,93
20200602,false,1407,165,15,2,46239,5417,841,99
20200603,false,1428,167,21,2,46905,5495,666,78
20200604,false,1445,169,17,2,47856,5607,951,111
20200605,false,1453,170,8,1,48532,5686,676,79
20200606,false,1460,171,7,1,49397,5787,865,101
20200607,false,1472,172,12,1,50681,5938,1284,150
20200608,false,1477,173,5,1,51251,6004,570,67
20200609,false,1496,175,19,2,51738,6061,487,57
20200610,false,1514,177,18,2,52177,6113,439,51
20200611,false,1520,178,6,1,52647,6168,470,55
20200612,false,1534,180,14,2,53211,6234,564,66
20200613,false,1541,181,7,1,53869,6311,658,77
20200614,false,1546,181,5,1,54506,6386,637,75
20200615,false,1552,182,6,1,54886,6430,380,45
20200616,false,1570,184,18,2,55331,6482,445,52
20200617,false,1583,185,13,2,55775,6534,444,52
20200618,false,1586,186,3,0,56238,6589,463,54
20200619,false,1602,188,16,2,56793,6654,555,65
20200620,false,1607,188,5,1,57443,6730,650,76
20200621,false,1611,189,4,0,57994,6794,551,65
20200622,false,1620,190,9,1,58465,6850,471,55
20200623,false,1645,193,25,3,58994,6912,529,62
20200624,false,1661,195,16,2,59514,6973,520,61
20200625,false,1675,196,14,2,59946,7023,432,51
20200626,false,1700,199,25,3,60570,7096,624,73
20200627,false,1724,202,24,3,61247,7176,677,79
20200628,false,1732,203,8,1,61736,7233,489,57
20200629,false,1740,204,8,1,62189,7286,453,53
20200630,false,1763,207,23,3,62787,7356,598,70
20200701,false,1786,209,23,3,63203,7405,416,49
20200702,false,1816,213,30,4,63735,7467,532,62
20200703,false,1845,216,29,3,64393,7544,658,77
20200704,false,1849,217,4,0,65109,7628,716,84
20200705,false,1853,217,4,0,65748,7703,639,75
20200706,false,1853,217,0,0,66102,7744,354,41
20200707,false,1881,220,28,3,66740,7819,638,75
20200708,false,1905,223,24,3,67375,7893,635,74
20200709,false,1937,227,32,4,67988,7965,613,72
20200710,false,1958,229,21,2,68931,8076,943,110
20200711,false,1962,230,4,0,69782,8175,851,100
20200712,false,1966,230,4,0,70670,8280,888,104
20200713,false,1968,231,2,0,71642,8393,972,114
20200714,false,1977,232,9,1,72443,8487,801,94
20200715,false,1992,233,15,2,73527,8614,1084,127
20200716,false,2007,235,15,2,74431,8720,904,106
20200717,false,2013,236,6,1,75433,8838,1002,117
20200718,false,2025,237,12,1,76373,8948,940,110
20200719,false,2027,237,2,0,77430,9072,1057,124
20200720,false,2031,238,4,0,78375,9182,945,111
20200721,false,2048,240,17,2,79371,9299,996,117
20200722,false,2051,240,3,0,80393,9419,1022,120
20200723,false,2054,241,3,0,81237,9518,844,99
20200724,false,2067,242,13,2,82364,9650,1127,132
20200725,false,2075,243,8,1,83609,9795,1245,146
20200726,false,2078,243,3,0,84567,9908,958,112
20200727,false,2082,244,4,0,86072,10084,1505,176
20200728,false,2095,245,13,2,86994,10192,922,108
20200729,false,2125,249,30,4,87993,10309,999,117
20200730,false,2141,251,16,2,88904,10416,911,107
20200731,false,2174,255,33,4,89888,10531,984,115
20200801,false,2215,260,41,5,90801,10638,913,107
20200802,false,2218,260,3,0,91782,10753,981,115
20200803,false,2218,260,0,0,93106,10908,1324,155
20200804,false,2244,263,26,3,94251,11042,1145,134
20200805,false,2274,266,30,4,95049,11136,798,93
20200806,false,2299,269,25,3,95867,11232,818,96
20200807,false,2317,271,18,2,97882,11468,2015,236
20200808,false,2322,272,5,1,99189,11621,1307,153
20200809,false,2326,273,4,0,100086,11726,897,105
20200810,false,2327,273,1,0,100749,11804,663,78
20200811,false,2344,275,17,2,101745,11920,996,117
20200812,false,2352,276,8,1,102521,12011,776,91
20200813,false,2363,277,11,1,103622,12140,1101,129
20200814,false,2370,278,7,1,104838,12283,1216,142
20200815,false,2381,279,11,1,105750,12389,912,107
20200816,false,2381,279,0,0,106687,12499,937,110
20200817,false,2385,279,4,0,107421,12585,734,86
20200818,false,2396,281,11,1,108282,12686,861,101
20200819,false,2410,282,14,2,109019,12772,737,86
20200820,false,2427,284,17,2,109882,12873,863,101
20200821,false,2436,285,9,1,110860,12988,978,115
20200822,false,2443,286,7,1,112072,13130,1212,142
20200823,false,2467,289,24,3,112966,13235,894,105
20200824,false,2471,289,4,0,113630,13313,664,78
20200825,false,2494,292,23,3,114635,13430,1005,118
20200826,false,2515,295,21,2,115458,13527,823,96
20200827,false,2515,295,0,0,115458,13527,0,0
20200828,false,2550,299,35,4,117592,13777,2134,250
20200829,false,2568,301,18,2,118809,13919,1217,143
20200830,false,2569,301,1,0,119747,14029,938,110
20200831,false,2580,302,11,1,120594,14128,847,99
20200901,false,2612,306,32,4,121615,14248,1021,120
20200902,false,2641,309,29,3,122542,14357,927,109
20200903,false,2652,311,11,1,123668,14489,1126,132
20200904,false,2662,312,10,1,124779,14619,1111,130
20200905,false,2677,314,15,2,125727,14730,948,111
20200906,false,2678,314,1,0,126926,14870,1199,140
20200907,false,2684,314,6,1,127571,14946,645,76
20200908,false,2686,315,2,0,128407,15044,836,98
20200909,false,2697,316,11,1,129289,15147,882,103
20200910,false,2708,317,11,1,130525,15292,1236,145
20200911,false,2711,318,3,0,131640,15423,1115,131
20200912,false,2722,319,11,1,132940,15575,1300,152
20200913,false,2724,319,2,0,133814,15677,874,102
20200914,false,2743,321,19,2,134571,15766,757,89
20200915,false,2839,333,96,11,135514,15876,943,110
20200916,false,2884,338,45,5,136359,15975,845,99
20200917,false,2920,342,36,4,137460,16104,1101,129
20200918,false,2949,345,29,3,138702,16250,1242,146
20200919,false,2990,350,41,5,139655,16362,953,112
20200920,false,3015,353,25,3,140511,16462,856,100
20200921,false,3021,354,6,1,141138,16535,627,73
20200922,false,3060,359,39,5,142010,16638,872,102
20200923,false,3089,362,29,3,142590,16705,580,68
20200924,false,3113,365,24,3,143492,16811,902,106
20200925,false,3136,367,23,3,144433,16921,941,110
20200926,false,3144,368,8,1,145408,17036,975,114
20200927,false,3159,370,15,2,146144,17122,736,86
20200928,false,3172,372,13,2,146593,17174,449,53
20200929,false,3187,373,15,2,147516,17283,923,108
20200930,false,3208,376,21,2,148271,17371,755,88
20201001,false,3228,378,20,2,148721,17424,450,53
20201002,false,3250,381,22,3,149687,17537,966,113
20201003,false,3270,383,20,2,150803,17668,1116,131
20201004,false,3273,383,3,0,151870,17793,1067,125
20201005,false,3276,384,3,0,152557,17873,687,80
20201006,false,3291,386,15,2,153182,17946,625,73
20201007,false,3303,387,12,1,153691,18006,509,60
20201008,false,3328,390,25,3,155535,18222,1844,216
20201009,false,3344,392,16,2,156649,18353,1114,131
20201010,false,3354,393,10,1,157905,18500,1256,147
20201011,false,3358,393,4,0,158716,18595,811,95
20201012,false,3361,394,3,0,159570,18695,854,100
20201013,false,3372,395,11,1,160805,18840,1235,145
20201014,false,3381,396,9,1,161610,18934,805,94
20201015,false,3388,397,7,1,162941,19090,1331,156
20201016,false,3408,399,20,2,164124,19228,1183,139
20201017,false,3422,401,14,2,165238,19359,1114,131
20201018,false,3433,402,11,1,166138,19464,900,105
20201019,false,3457,405,24,3,166828,19545,690,81
20201020,false,3485,408,28,3,167754,19654,926,108
20201021,false,3515,412,30,4,168772,19773,1018,119
20201022,false,3524,413,9,1,170104,19929,1332,156
20201023,false,3539,415,15,2,171284,20067,1180,138
20201024,false,3578,419,39,5,172372,20195,1088,127
20201025,false,3579,419,1,0,173371,20312,999,117
20201026,false,3581,420,2,0,174275,20418,904,106
20201027,false,3600,422,19,2,175409,20550,1134,133
20201028,false,3616,424,16,2,176754,20708,1345,158
20201029,false,3636,426,20,2,178183,20875,1429,167
20201030,false,3643,427,7,1,179639,21046,1456,171
20201031,false,3654,428,11,1,181190,21228,1551,182
20201101,false,3655,428,1,0,182392,21369,1202,141
20201102,false,3658,429,3,0,183418,21489,1026,120
20201103,false,3666,429,8,1,184679,21637,1261,148
20201104,false,3677,431,11,1,185836,21772,1157,136
20201105,false,3688,432,11,1,187202,21932,1366,160
20201106,false,3682,431,-6,-1,188770,22116,1568,184
20201107,false,3704,434,22,3,190873,22362,2103,246
20201108,false,3707,434,3,0,192175,22515,1302,153
20201109,false,3713,435,6,1,193477,22667,1302,153
20201110,false,3726,437,13,2,194912,22835,1435,168
20201111,true,3735,438,9,1,196305,22999,1393,163
20201112,true,3744,439,9,1,197698,23162,1393,163
20201113,true,3753,440,9,1,199091,23325,1393,163
20201114,true,3762,441,9,1,200484,23488,1393,163
20201115,true,3771,442,9,1,201877,23651,1393,163
20201116,true,3780,443,9,1,203270,23815,1393,163
20201117,true,3789,444,9,1,204663,23978,1393,163
20201118,true,3798,445,9,1,206056,24141,1393,163
20201119,true,3807,446,9,1,207449,24304,1393,163
20201120,true,3816,447,9,1,208842,24467,1393,163
20201121,true,3825,448,9,1,210235,24631,1393,163
20201122,true,3834,449,9,1,211628,24794,1393,163
20201123,true,3843,450,9,1,213021,24957,1393,163
20201124,true,3852,451,9,1,214414,25120,1393,163
20201125,true,3861,452,9,1,215807,25283,1393,163
20201126,true,3870,453,9,1,217200,25447,1393,163
20201127,true,3879,454,9,1,218593,25610,1393,163
20201128,true,3888,456,9,1,219986,25773,1393,163
20201129,true,3897,457,9,1,221379,25936,1393,163
20201130,true,3906,458,9,1,222772,26099,1393,163
20201201,true,3915,459,9,1,224165,26263,1393,163