date,projected,deaths,deathsPerMillion,deathIncrease,deathIncreasePerMillion,positive,positivePerMillion,positiveIncrease,positiveIncreasePerMillion
20200303,false,0,0,0,0,0,0,0,0
20200304,false,0,0,0,0,1,0,1,0
20200305,false,0,0,0,0,1,0,0,0
20200306,false,0,0,0,0,1,0,0,0
20200307,false,0,0,0,0,1,0,0,0
20200308,false,0,0,0,0,1,0,0,0
20200309,false,0,0,0,0,1,0,0,0
20200310,false,0,0,0,0,2,0,1,0
20200311,false,0,0,0,0,3,1,1,0
20200312,false,0,0,0,0,9,2,6,1
20200313,false,0,0,0,0,23,4,14,2
20200314,false,0,0,0,0,23,4,0,0
20200315,false,0,0,0,0,37,6,14,2
20200316,false,0,0,0,0,56,10,19,3
20200317,false,0,0,0,0,83,14,27,5
20200318,false,0,0,0,0,121,21,38,7
20200319,false,0,0,0,0,174,30,53,9
20200320,false,3,1,3,1,235,40,61,10
20200321,false,4,1,1,0,315,54,80,14
20200322,false,4,1,0,0,425,73,110,19
20200323,false,5,1,1,0,466,80,41,7
20200324,false,5,1,0,0,525,90,59,10
20200325,false,7,1,2,0,667,115,142,24
20200326,false,8,1,1,0,806,138,139,24
20200327,false,13,2,5,1,969,166,163,28
20200328,false,13,2,0,0,1134,195,165,28
20200329,false,13,2,0,0,1276,219,142,24
20200330,false,14,2,1,0,1422,244,146,25
20200331,false,16,3,2,0,1585,272,163,28
20200401,false,24,4,8,1,1821,313,236,41
20200402,false,31,5,7,1,2040,350,219,38
20200403,false,37,6,6,1,2263,389,223,38
20200404,false,56,10,19,3,2476,425,213,37
20200405,false,68,12,12,2,2643,454,167,29
20200406,false,77,13,9,2,2866,492,223,38
20200407,false,92,16,15,3,3064,526,198,34
20200408,false,99,17,7,1,3279,563,215,37
20200409,false,111,19,12,2,3443,591,164,28
20200410,false,128,22,17,3,3665,629,222,38
20200411,false,137,24,9,2,3822,656,157,27
20200412,false,144,25,7,1,3964,681,142,24
20200413,false,154,26,10,2,4080,701,116,20
20200414,false,170,29,16,3,4246,729,166,29
20200415,false,182,31,12,2,4453,765,207,36
20200416,false,197,34,15,3,4636,796,183,31
20200417,false,205,35,8,1,4839,831,203,35
20200418,false,211,36,6,1,5013,861,174,30
20200419,false,220,38,9,2,5176,889,163,28
20200420,false,230,40,10,2,5353,919,177,30
20200421,false,242,42,12,2,5509,946,156,27
20200422,false,246,42,4,1,5766,990,257,44
20200423,false,257,44,11,2,6011,1032,245,42
20200424,false,262,45,5,1,6364,1093,353,61
20200425,false,266,46,4,1,6715,1153,351,60
20200426,false,272,47,6,1,6963,1196,248,43
20200427,false,281,48,9,2,7161,1230,198,34
20200428,false,300,52,19,3,7391,1269,230,40
20200429,false,308,53,8,1,7660,1316,269,46
20200430,false,316,54,8,1,8052,1383,392,67
20200501,false,327,56,11,2,8550,1468,498,86
20200502,false,334,57,7,1,8920,1532,370,64
20200503,false,339,58,5,1,9227,1585,307,53
20200504,false,340,58,1,0,9538,1638,311,53
20200505,false,353,61,13,2,9896,1700,358,61
20200506,false,362,62,9,2,10262,1762,366,63
20200507,false,374,64,12,2,10621,1824,359,62
20200508,false,384,66,10,2,11030,1894,409,70
20200509,false,398,68,14,2,11402,1958,372,64
20200510,false,400,69,2,0,11694,2008,292,50
20200511,false,409,70,9,2,11920,2047,226,39
20200512,false,418,72,9,2,12131,2083,211,36
20200513,false,421,72,3,1,12449,2138,318,55
20200514,false,434,75,13,2,12869,2210,420,72
20200515,false,445,76,11,2,13344,2292,475,82
20200516,false,453,78,8,1,13878,2384,534,92
20200517,false,453,78,0,0,14257,2449,379,65
20200518,false,459,79,6,1,14442,2480,185,32
20200519,false,467,80,8,1,14692,2523,250,43
20200520,false,481,83,14,2,15269,2622,577,99
20200521,false,487,84,6,1,15792,2712,523,90
20200522,false,496,85,9,2,16340,2806,548,94
20200523,false,507,87,11,2,16843,2893,503,86
20200524,false,510,88,3,1,17253,2963,410,70
20200525,false,514,88,4,1,17571,3018,318,55
20200526,false,517,89,3,1,17867,3069,296,51
20200527,false,539,93,22,4,18513,3180,646,111
20200528,false,550,94,11,2,19077,3276,564,97
20200529,false,568,98,18,3,19843,3408,766,132
20200530,false,588,101,20,3,20382,3501,539,93
20200531,false,592,102,4,1,20564,3532,182,31
20200601,false,595,102,3,1,20736,3561,172,30
20200602,false,607,104,12,2,21155,3633,419,72
20200603,false,616,106,9,2,21661,3720,506,87
20200604,false,626,108,10,2,22193,3812,532,91
20200605,false,633,109,7,1,22599,3881,406,70
20200606,false,645,111,12,2,22937,3939,338,58
20200607,false,647,111,2,0,23212,3987,275,47
20200608,false,646,111,-1,0,23434,4025,222,38
20200609,false,661,114,15,3,23734,4076,300,52
20200610,false,671,115,10,2,24070,4134,336,58
20200611,false,682,117,11,2,24441,4198,371,64
20200612,false,689,118,7,1,24795,4259,354,61
20200613,false,691,119,2,0,25089,4309,294,50
20200614,false,692,119,1,0,25340,4352,251,43
20200615,false,694,119,2,0,25546,4388,206,35
20200616,false,703,121,9,2,25844,4439,298,51
20200617,false,712,122,9,2,26129,4488,285,49
20200618,false,719,123,7,1,26590,4567,461,79
20200619,false,730,125,11,2,26913,4622,323,55
20200620,false,744,128,14,2,27326,4693,413,71
20200621,false,744,128,0,0,27615,4743,289,50
20200622,false,745,128,1,0,27878,4788,263,45
20200623,false,750,129,5,1,28175,4839,297,51
20200624,false,757,130,7,1,28641,4919,466,80
20200625,false,766,132,9,2,29105,4999,464,80
20200626,false,766,132,0,0,29668,5095,563,97
20200627,false,777,133,11,2,30227,5191,559,96
20200628,false,777,133,0,0,30707,5274,480,82
20200629,false,784,135,7,1,31033,5330,326,56
20200630,false,784,135,0,0,31662,5438,629,108
20200701,false,793,136,9,2,32225,5535,563,97
20200702,false,800,137,7,1,32809,5635,584,100
20200703,false,803,138,3,1,33431,5742,622,107
20200704,false,803,138,0,0,34207,5875,776,133
20200705,false,803,138,0,0,34740,5967,533,92
20200706,false,803,138,0,0,35230,6051,490,84
20200707,false,812,139,9,2,35765,6143,535,92
20200708,false,814,140,2,0,36410,6253,645,111
20200709,false,816,140,2,0,37210,6391,800,137
20200710,false,821,141,5,1,38099,6543,889,153
20200711,false,828,142,7,1,39080,6712,981,168
20200712,false,827,142,-1,0,39877,6849,797,137
20200713,false,827,142,0,0,40382,6936,505,87
20200714,false,833,143,6,1,41349,7102,967,166
20200715,false,834,143,1,0,42197,7247,848,146
20200716,false,838,144,4,1,43139,7409,942,162
20200717,false,840,144,2,0,44068,7569,929,160
20200718,false,850,146,10,2,45099,7746,1031,177
20200719,false,851,146,1,0,45948,7892,849,146
20200720,false,853,147,2,0,46675,8016,727,125
20200721,false,866,149,13,2,47836,8216,1161,199
20200722,false,872,150,6,1,48583,8344,747,128
20200723,false,885,152,13,2,49669,8531,1086,187
20200724,false,885,152,0,0,50727,8712,1058,182
20200725,false,898,154,13,2,51715,8882,988,170
20200726,false,899,154,1,0,52680,9048,965,166
20200727,false,900,155,1,0,53281,9151,601,103
20200728,false,913,157,13,2,54064,9285,783,134
20200729,false,918,158,5,1,54988,9444,924,159
20200730,false,926,159,8,1,56079,9632,1091,187
20200731,false,941,162,15,3,56934,9778,855,147
20200801,false,954,164,13,2,58058,9971,1124,193
20200802,false,955,164,1,0,58990,10132,932,160
20200803,false,956,164,1,0,59401,10202,411,71
20200804,false,968,166,12,2,60171,10334,770,132
20200805,false,977,168,9,2,61110,10496,939,161
20200806,false,985,169,8,1,61985,10646,875,150
20200807,false,997,171,12,2,63028,10825,1043,179
20200808,false,1003,172,6,1,64213,11029,1185,204
20200809,false,1005,173,2,0,64835,11135,622,107
20200810,false,1005,173,0,0,65356,11225,521,89
20200811,false,1013,174,8,1,66123,11357,767,132
20200812,false,1018,175,5,1,66654,11448,531,91
20200813,false,1025,176,7,1,67622,11614,968,166
20200814,false,1032,177,7,1,68681,11796,1059,182
20200815,false,1045,179,13,2,69547,11945,866,149
20200816,false,1046,180,1,0,70246,12065,699,120
20200817,false,1046,180,0,0,70715,12145,469,81
20200818,false,1059,182,13,2,71424,12267,709,122
20200819,false,1067,183,8,1,72134,12389,710,122
20200820,false,1074,184,7,1,72903,12521,769,132
20200821,false,1075,185,1,0,73751,12667,848,146
20200822,false,1089,187,14,2,74726,12834,975,167
20200823,false,1089,187,0,0,75205,12916,479,82
20200824,false,1089,187,0,0,75619,12988,414,71
20200825,false,1102,189,13,2,76306,13106,687,118
20200826,false,1108,190,6,1,77092,13241,786,135
20200827,false,1119,192,11,2,78004,13397,912,157
20200828,false,1121,193,2,0,78868,13546,864,148
20200829,false,1127,194,6,1,79730,13694,862,148
20200830,false,1130,194,3,1,80300,13791,570,98
20200831,false,1130,194,0,0,80568,13838,268,46
20200901,false,1139,196,9,2,81604,14015,1036,178
20200902,false,1150,198,11,2,82182,14115,578,99
20200903,false,1154,198,4,1,82922,14242,740,127
20200904,false,1161,199,7,1,84464,14507,1542,265
20200905,false,1176,202,15,3,85463,14678,999,172
20200906,false,1176,202,0,0,86353,14831,890,153
20200907,false,1176,202,0,0,86928,14930,575,99
20200908,false,1176,202,0,0,87677,15058,749,129
20200909,false,1191,205,15,3,88590,15215,913,157
20200910,false,1201,206,10,2,90182,15489,1592,273
20200911,false,1205,207,4,1,91625,15737,1443,248
20200912,false,1217,209,12,2,93055,15982,1430,246
20200913,false,1218,209,1,0,94679,16261,1624,279
20200914,false,1218,209,0,0,95497,16402,818,140
20200915,false,1229,211,11,2,96938,16649,1441,247
20200916,false,1237,212,8,1,98440,16907,1502,258
20200917,false,1239,213,2,0,100574,17274,2134,367
20200918,false,1246,214,7,1,103154,17717,2580,443
20200919,false,1249,215,3,1,105557,18129,2403,413
20200920,false,1250,215,1,0,107292,18427,1735,298
20200921,false,1252,215,2,0,108588,18650,1296,223
20200922,false,1259,216,7,1,110327,18949,1739,299
20200923,false,1268,218,9,2,112222,19274,1895,325
20200924,false,1275,219,7,1,114700,19700,2478,426
20200925,false,1284,221,9,2,117329,20151,2629,452
20200926,false,1291,222,7,1,120231,20650,2902,498
20200927,false,1291,222,0,0,122478,21036,2247,386
20200928,false,1293,222,2,0,124217,21334,1739,299
20200929,false,1310,225,17,3,126664,21754,2447,420
20200930,false,1337,230,27,5,129123,22177,2459,422
20201001,false,1358,233,21,4,132123,22692,3000,515
20201002,false,1363,234,5,1,134948,23177,2825,485
20201003,false,1383,238,20,3,138002,23702,3054,525
20201004,false,1388,238,5,1,139928,24033,1926,331
20201005,false,1392,239,4,1,141655,24329,1727,297
20201006,false,1410,242,18,3,143730,24686,2075,356
20201007,false,1426,245,16,3,146193,25109,2463,423
20201008,false,1435,246,9,2,149467,25671,3274,562
20201009,false,1451,249,16,3,152631,26214,3164,543
20201010,false,1468,252,17,3,155602,26725,2971,510
20201011,false,1475,253,7,1,158315,27191,2713,466
20201012,false,1484,255,9,2,160331,27537,2016,346
20201013,false,1518,261,34,6,163759,28126,3428,589
20201014,false,1547,266,29,5,167082,28696,3323,571
20201015,false,1565,269,18,3,171122,29390,4040,694
20201016,false,1588,273,23,4,175227,30095,4105,705
20201017,false,1588,273,0,0,175227,30095,0,0
20201018,false,1588,273,0,0,175227,30095,0,0
20201019,false,1617,278,29,5,183142,31455,7915,1359
20201020,false,1652,284,35,6,187828,32259,4686,805
20201021,false,1702,292,50,9,192191,33009,4363,749
20201022,false,1725,296,23,4,195823,33632,3632,624
20201023,false,1774,305,49,8,200466,34430,4643,797
20201024,false,1803,310,29,5,205139,35233,4673,803
20201025,false,1813,311,10,2,208917,35881,3778,649
20201026,false,1824,313,11,2,211928,36399,3011,517
20201027,false,1895,325,71,12,217429,37343,5501,945
20201028,false,1943,334,48,8,221559,38053,4130,709
20201029,false,2003,344,60,10,226705,38936,5146,884
20201030,false,2029,348,26,4,232062,39857,5357,920
20201031,false,2092,359,63,11,237870,40854,5808,998
20201101,false,2110,362,18,3,241423,41464,3553,610
20201102,false,2113,363,3,1,244928,42066,3505,602
20201103,false,2171,373,58,10,251032,43115,6104,1048
20201104,false,2229,383,58,10,257287,44189,6255,1074
20201105,false,2269,390,40,7,263571,45268,6284,1079
20201106,false,2333,401,64,11,269982,46369,6411,1101
20201107,false,2381,409,48,8,277503,47661,7521,1292
20201108,false,2392,411,11,2,281910,48418,4407,757
20201109,false,2410,414,18,3,286380,49186,4470,768
20201110,false,2482,426,72,12,293812,50462,7432,1276
20201111,true,2524,433,42,7,299268,51399,5456,937
20201112,true,2566,441,42,7,304724,52336,5456,937
20201113,true,2608,448,42,7,310180,53273,5456,937
20201114,true,2650,455,42,7,315636,54210,5456,937
20201115,true,2692,462,42,7,321092,55147,5456,937
20201116,true,2734,470,42,7,326548,56084,5456,937
20201117,true,2776,477,42,7,332004,57022,5456,937
20201118,true,2818,484,42,7,337460,57959,5456,937
20201119,true,2860,491,42,7,342916,58896,5456,937
20201120,true,2902,498,42,7,348372,59833,5456,937
20201121,true,2944,506,42,7,353828,60770,5456,937
20201122,true,2986,513,42,7,359284,61707,5456,937
20201123,true,3028,520,42,7,364740,62644,5456,937
20201124,true,3070,527,42,7,370196,63581,5456,937
20201125,true,3112,534,42,7,375652,64518,5456,937
20201126,true,3154,542,42,7,381108,65455,5456,937
20201127,true,3196,549,42,7,386564,66392,5456,937
20201128,true,3238,556,42,7,392020,67329,5456,937
20201129,true,3280,563,42,7,397476,68266,5456,937
20201130,true,3322,571,42,7,402932,69203,5456,937
20201201,true,3364,578,42,7,408388,70140,5456,937