date,projected,deaths,deathsPerMillion,deathIncrease,deathIncreaseAverage,deathIncreasePerMillion,deathIncreaseAveragePerMillion,positive,positivePerMillion,positiveIncrease,positiveIncreaseAverage,positiveIncreasePerMillion,positiveIncreaseAveragePerMillion
20200304,false,0,0,0,0,0,0,53,1,0,0,0,0
20200305,false,0,0,0,0,0,0,53,1,0,0,0,0
20200306,false,0,0,0,0,0,0,60,2,7,7,0,0
20200307,false,0,0,0,0,0,0,69,2,9,9,0,0
20200308,false,0,0,0,0,0,0,88,2,19,19,0,0
20200309,false,0,0,0,0,0,0,114,3,26,26,1,1
20200310,false,0,0,0,0,0,0,133,3,19,19,0,0
20200311,false,0,0,0,0,0,0,157,4,24,24,1,1
20200312,false,4,0,4,0,0,0,202,5,45,15,1,0
20200313,false,4,0,0,1,0,0,202,5,0,21,0,1
20200314,false,5,0,1,1,0,0,252,6,50,20,1,1
20200315,false,5,0,0,1,0,0,293,7,41,26,1,1
20200316,false,6,0,1,1,0,0,335,8,42,29,1,1
20200317,false,11,0,5,1,0,0,483,12,148,32,4,1
20200318,false,13,0,2,2,0,0,611,15,128,50,3,1
20200319,false,18,0,5,2,0,0,924,23,313,65,8,2
20200320,false,20,1,2,2,0,0,1063,27,139,103,4,3
20200321,false,24,1,4,2,0,0,1279,32,216,123,5,3
20200322,false,27,1,3,3,0,0,1536,39,257,147,7,4
20200323,false,27,1,0,3,0,0,1733,44,197,178,5,5
20200324,false,40,1,13,3,0,0,2102,53,369,200,9,5
20200325,false,53,1,13,4,0,0,2355,60,253,231,6,6
20200326,false,65,2,12,6,0,0,3006,76,651,249,16,6
20200327,false,78,2,13,7,0,0,3879,98,873,297,22,8
20200328,false,101,3,23,8,1,0,4643,118,764,402,19,10
20200329,false,123,3,22,11,1,0,5708,144,1065,481,27,12
20200330,false,133,3,10,14,0,0,6447,163,739,596,19,15
20200331,false,153,4,20,15,1,0,7482,189,1035,673,26,17
20200401,false,171,4,18,16,0,0,8155,206,673,769,17,19
20200402,false,203,5,32,17,1,0,9191,233,1036,829,26,21
20200403,false,237,6,34,20,1,1,10701,271,1510,884,38,22
20200404,false,276,7,39,23,1,1,12026,304,1325,975,34,25
20200405,false,319,8,43,25,1,1,13438,340,1412,1055,36,27
20200406,false,343,9,24,28,1,1,14336,363,898,1104,23,28
20200407,false,374,9,31,30,1,1,15865,402,1529,1127,39,29
20200408,false,442,11,68,32,2,1,16957,429,1092,1198,28,30
20200409,false,492,12,50,39,1,1,18309,463,1352,1257,34,32
20200410,false,541,14,49,41,1,1,19472,493,1163,1303,29,33
20200411,false,609,15,68,43,2,1,20615,522,1143,1253,29,32
20200412,false,651,16,42,48,1,1,21794,552,1179,1227,30,31
20200413,false,687,17,36,47,1,1,22348,566,554,1194,14,30
20200414,false,758,19,71,49,2,1,23338,591,990,1145,25,29
20200415,false,821,21,63,55,2,1,24424,618,1086,1068,27,27
20200416,false,890,23,69,54,2,1,26182,663,1758,1067,44,27
20200417,false,985,25,95,57,2,1,27528,697,1346,1125,34,28
20200418,false,1072,27,87,63,2,2,28963,733,1435,1151,36,29
20200419,false,1166,30,94,66,2,2,30333,768,1370,1193,35,30
20200420,false,1208,31,42,74,1,2,30978,784,645,1220,16,31
20200421,false,1268,32,60,74,2,2,33261,842,2283,1233,58,31
20200422,false,1354,34,86,73,2,2,35396,896,2135,1418,54,36
20200423,false,1469,37,115,76,3,2,37369,946,1973,1567,50,40
20200424,false,1562,40,93,83,2,2,39254,993,1885,1598,48,40
20200425,false,1651,42,89,82,2,2,41137,1041,1883,1675,48,42
20200426,false,1710,43,59,83,1,2,42164,1067,1027,1739,26,44
20200427,false,1755,44,45,78,1,2,43464,1100,1300,1690,33,43
20200428,false,1809,46,54,78,1,2,45031,1140,1567,1784,40,45
20200429,false,1887,48,78,77,2,2,46500,1177,1469,1681,37,43
20200430,false,1982,50,95,76,2,2,48917,1238,2417,1586,61,40
20200501,false,2073,52,91,73,2,2,50442,1277,1525,1650,39,42
20200502,false,2171,55,98,73,2,2,52197,1321,1755,1598,44,40
20200503,false,2215,56,44,74,1,2,53616,1357,1419,1580,36,40
20200504,false,2254,57,39,72,1,2,54937,1390,1321,1636,33,41
20200505,false,2317,59,63,71,2,2,56212,1423,1275,1639,32,41
20200506,false,2412,61,95,73,2,2,58815,1489,2603,1597,66,40
20200507,false,2504,63,92,75,2,2,60614,1534,1799,1759,46,45
20200508,false,2585,65,81,75,2,2,62512,1582,1898,1671,48,42
20200509,false,2678,68,93,73,2,2,64561,1634,2049,1724,52,44
20200510,false,2745,69,67,72,2,2,66680,1688,2119,1766,54,45
20200511,false,2770,70,25,76,1,2,67939,1719,1259,1866,32,47
20200512,false,2847,72,77,74,2,2,69382,1756,1443,1857,37,47
20200513,false,2934,74,87,76,2,2,71141,1800,1759,1881,45,48
20200514,false,3032,77,98,75,2,2,73164,1852,2023,1761,51,45
20200515,false,3108,79,76,75,2,2,74936,1897,1772,1793,45,45
20200516,false,3204,81,96,75,2,2,76793,1944,1857,1775,47,45
20200517,false,3261,83,57,75,1,2,78839,1995,2046,1747,52,44
20200518,false,3302,84,41,74,1,2,80430,2036,1591,1737,40,44
20200519,false,3334,84,32,76,1,2,81795,2070,1365,1784,35,45
20200520,false,3436,87,102,70,3,2,84057,2127,2262,1773,57,45
20200521,false,3542,90,106,72,3,2,86197,2182,2140,1845,54,47
20200522,false,3630,92,88,73,2,2,88444,2238,2247,1862,57,47
20200523,false,3708,94,78,75,2,2,90631,2294,2187,1930,55,49
20200524,false,3774,96,66,72,2,2,92710,2346,2079,1977,53,50
20200525,false,3795,96,21,73,1,2,94558,2393,1848,1982,47,50
20200526,false,3814,97,19,70,0,2,96733,2448,2175,2018,55,51
20200527,false,3884,98,70,69,2,2,98980,2505,2247,2134,57,54
20200528,false,3973,101,89,64,2,2,101697,2574,2717,2132,69,54
20200529,false,4068,103,95,62,2,2,103886,2629,2189,2214,55,56
20200530,false,4156,105,88,63,2,2,106878,2705,2992,2206,76,56
20200531,false,4213,107,57,64,1,2,110583,2799,3705,2321,94,59
20200601,false,4251,108,38,63,1,2,113006,2860,2423,2553,61,65
20200602,false,4286,108,35,65,1,2,115310,2918,2304,2635,58,67
20200603,false,4361,110,75,67,2,2,117687,2978,2377,2654,60,67
20200604,false,4422,112,61,68,2,2,119807,3032,2120,2672,54,68
20200605,false,4485,114,63,64,2,2,122901,3110,3094,2587,78,65
20200606,false,4559,115,74,60,2,2,126016,3189,3115,2716,79,69
20200607,false,4626,117,67,58,2,1,128812,3260,2796,2734,71,69
20200608,false,4653,118,27,59,1,1,131319,3324,2507,2604,63,66
20200609,false,4697,119,44,57,1,1,133489,3378,2170,2616,55,66
20200610,false,4776,121,79,59,2,1,136191,3447,2702,2597,68,66
20200611,false,4881,124,105,59,3,1,139281,3525,3090,2643,78,67
20200612,false,4943,125,62,66,2,2,141983,3593,2702,2782,68,70
20200613,false,4989,126,46,65,1,2,145643,3686,3660,2726,93,69
20200614,false,5063,128,74,61,2,2,148855,3767,3212,2804,81,71
20200615,false,5089,129,26,62,1,2,151452,3833,2597,2863,66,72
20200616,false,5121,130,32,62,1,2,153560,3886,2108,2876,53,73
20200617,false,5208,132,87,61,2,2,157015,3974,3455,2867,87,73
20200618,false,5290,134,82,62,2,2,161099,4077,4084,2975,103,75
20200619,false,5360,136,70,58,2,1,165416,4186,4317,3117,109,79
20200620,false,5424,137,64,60,2,2,169309,4285,3893,3348,99,85
20200621,false,5495,139,71,62,2,2,173824,4399,4515,3381,114,86
20200622,false,5515,140,20,62,1,2,178054,4506,4230,3567,107,90
20200623,false,5580,141,65,61,2,2,183073,4633,5019,3800,127,96
20200624,false,5632,143,52,66,1,2,190222,4814,7149,4216,181,107
20200625,false,5733,145,101,61,3,2,195571,4950,5349,4744,135,120
20200626,false,5812,147,79,63,2,2,200461,5073,4890,4925,124,125
20200627,false,5872,149,60,65,2,2,206433,5225,5972,5006,151,127
20200628,false,5905,149,33,64,1,2,211243,5346,4810,5303,122,134
20200629,false,5936,150,31,59,1,1,219252,5549,8009,5346,203,135
20200630,false,5980,151,44,60,1,2,228732,5789,9480,5885,240,149
20200701,false,6090,154,110,57,3,1,236139,5976,7407,6523,187,165
20200702,false,6163,156,73,65,2,2,242547,6139,6408,6560,162,166
20200703,false,6263,159,100,61,3,2,248235,6282,5688,6711,144,170
20200704,false,6313,160,50,64,1,2,257388,6514,9153,6825,232,173
20200705,false,6331,160,18,63,0,2,265985,6732,8597,7279,218,184
20200706,false,6337,160,6,61,0,2,271684,6876,5699,7820,144,198
20200707,false,6448,163,111,57,3,1,277774,7030,6090,7490,154,190
20200708,false,6562,166,114,67,3,2,289468,7326,11694,7006,296,177
20200709,false,6711,170,149,67,4,2,296499,7504,7031,7618,178,193
20200710,false,6851,173,140,78,4,2,304297,7701,7798,7707,197,195
20200711,false,6945,176,94,84,2,2,312344,7905,8047,8009,204,203
20200712,false,7017,178,72,90,2,2,320804,8119,8460,7851,214,199
20200713,false,7040,178,23,98,1,2,329162,8331,8358,7831,212,198
20200714,false,7087,179,47,100,1,3,336508,8517,7346,8211,186,208
20200715,false,7227,183,140,91,4,2,347634,8798,11126,8391,282,212
20200716,false,7345,186,118,95,3,2,356178,9014,8544,8309,216,210
20200717,false,7475,189,130,91,3,2,366164,9267,9986,8526,253,216
20200718,false,7595,192,120,89,3,2,375363,9500,9199,8838,233,224
20200719,false,7685,194,90,93,2,2,384692,9736,9329,9003,236,228
20200720,false,7694,195,9,95,0,2,391538,9909,6846,9127,173,231
20200721,false,7755,196,61,93,2,2,400769,10143,9231,8911,234,226
20200722,false,7870,199,115,95,3,2,413576,10467,12807,9180,324,232
20200723,false,8027,203,157,92,4,2,425616,10772,12040,9420,305,238
20200724,false,8186,207,159,97,4,2,435334,11018,9718,9920,246,251
20200725,false,8337,211,151,102,4,3,445400,11272,10066,9881,255,250
20200726,false,8416,213,79,106,2,3,453659,11481,8259,10005,209,253
20200727,false,8445,214,29,104,1,3,460550,11656,6891,9852,174,249
20200728,false,8518,216,73,107,2,3,466550,11808,6000,9859,152,250
20200729,false,8715,221,197,109,5,3,475305,12029,8755,9397,222,238
20200730,false,8909,225,194,121,5,3,485502,12287,10197,8818,258,223
20200731,false,9005,228,96,126,2,3,493588,12492,8086,8555,205,217
20200801,false,9224,233,219,117,6,3,500130,12658,6542,8322,166,211
20200802,false,9356,237,132,127,3,3,509162,12886,9032,7819,229,198
20200803,false,9388,238,32,134,1,3,514901,13031,5739,7929,145,201
20200804,false,9501,240,113,135,3,3,519427,13146,4526,7764,115,196
20200805,false,9703,246,202,140,5,4,524722,13280,5295,7554,134,191
20200806,false,9869,250,166,141,4,4,529980,13413,5258,7060,133,179
20200807,false,10011,253,142,137,4,3,538416,13627,8436,6354,214,161
20200808,false,10189,258,178,144,5,4,545787,13813,7371,6404,187,162
20200809,false,10293,261,104,138,3,3,554160,14025,8373,6522,212,165
20200810,false,10359,262,66,134,2,3,561911,14221,7751,6428,196,163
20200811,false,10468,265,109,139,3,4,574411,14538,12500,6716,316,170
20200812,false,10648,269,180,138,5,3,586056,14832,11645,7855,295,199
20200813,false,10808,274,160,135,4,3,593141,15012,7085,8762,179,222
20200814,false,10996,278,188,134,5,3,601075,15212,7934,9023,201,228
20200815,false,11147,282,151,141,4,4,613689,15532,12614,8951,319,227
20200816,false,11224,284,77,137,2,3,621562,15731,7873,9700,199,245
20200817,false,11242,285,18,133,0,3,628031,15895,6469,9629,164,244
20200818,false,11342,287,100,126,3,3,632667,16012,4636,9446,117,239
20200819,false,11523,292,181,125,5,3,638831,16168,6164,8322,156,211
20200820,false,11686,296,163,125,4,3,644751,16318,5920,7539,150,191
20200821,false,11821,299,135,125,3,3,650336,16459,5585,7373,141,187
20200822,false,11988,303,167,118,4,3,656892,16625,6556,7037,166,178
20200823,false,12134,307,146,120,4,3,663669,16797,6777,6172,172,156
20200824,false,12152,308,18,130,0,3,668615,16922,4946,6015,125,152
20200825,false,12257,310,105,130,3,3,673095,17035,4480,5798,113,147
20200826,false,12407,314,150,131,4,3,679099,17187,6004,5775,152,146
20200827,false,12550,318,143,126,4,3,683529,17299,4430,5753,112,146
20200828,false,12690,321,140,123,4,3,688858,17434,5329,5540,135,140
20200829,false,12834,325,144,124,4,3,693839,17560,4981,5503,126,139
20200830,false,12905,327,71,121,2,3,699909,17714,6070,5278,154,134
20200831,false,12933,327,28,110,1,3,704085,17819,4176,5177,106,131
20200901,false,13018,329,85,112,2,3,707797,17913,3712,5067,94,128
20200902,false,13163,333,145,109,4,3,712052,18021,4255,4957,108,125
20200903,false,13327,337,164,108,4,3,717177,18151,5125,4708,130,119
20200904,false,13490,341,163,111,4,3,722283,18280,5106,4807,129,122
20200905,false,13643,345,153,114,4,3,727239,18405,4956,4775,125,121
20200906,false,13709,347,66,116,2,3,732144,18530,4905,4771,124,121
20200907,false,13726,347,17,115,0,3,735235,18608,3091,4605,78,117
20200908,false,13758,348,32,113,1,3,737911,18676,2676,4450,68,113
20200909,false,13841,350,83,106,2,3,739527,18716,1616,4302,41,109
20200910,false,13978,354,137,97,3,2,742865,18801,3338,3925,84,99
20200911,false,14089,357,111,93,3,2,746191,18885,3326,3670,84,93
20200912,false,14251,361,162,86,4,2,750298,18989,4107,3415,104,86
20200913,false,14329,363,78,87,2,2,754923,19106,4625,3294,117,83
20200914,false,14385,364,56,89,1,2,757778,19178,2855,3254,72,82
20200915,false,14451,366,66,94,2,2,760013,19235,2235,3220,57,81
20200916,false,14615,370,164,99,4,3,762963,19310,2950,3157,75,80
20200917,false,14721,373,106,111,3,3,766201,19391,3238,3348,82,85
20200918,false,14812,375,91,106,2,3,769831,19483,3630,3334,92,84
20200919,false,14912,377,100,103,3,3,774135,19592,4304,3377,109,85
20200920,false,14987,379,75,94,2,2,778400,19700,4265,3405,108,86
20200921,false,15018,380,31,94,1,2,781694,19784,3294,3354,83,85
20200922,false,15071,381,53,90,1,2,784324,19850,2630,3417,67,86
20200923,false,15204,385,133,89,3,2,787470,19930,3146,3473,80,88
20200924,false,15314,388,110,84,3,2,790640,20010,3170,3501,80,89
20200925,false,15398,390,84,85,2,2,794040,20096,3400,3491,86,88
20200926,false,15532,393,134,84,3,2,798237,20202,4197,3458,106,88
20200927,false,15587,394,55,89,1,2,802308,20305,4071,3443,103,87
20200928,false,15608,395,21,86,1,2,805263,20380,2955,3415,75,86
20200929,false,15640,396,32,84,1,2,807425,20435,2162,3367,55,85
20200930,false,15792,400,152,81,4,2,810625,20516,3200,3300,81,84
20201001,false,15888,402,96,84,2,2,813687,20593,3062,3308,77,84
20201002,false,15986,405,98,82,2,2,817277,20684,3590,3292,91,83
20201003,false,16074,407,88,84,2,2,819436,20739,2159,3320,55,84
20201004,false,16120,408,46,77,1,2,823729,20847,4293,3028,109,77
20201005,false,16149,409,29,76,1,2,826784,20925,3055,3060,77,77
20201006,false,16177,409,28,77,1,2,828461,20967,1677,3074,42,78
20201007,false,16228,411,51,77,1,2,831225,21037,2764,3005,70,76
20201008,false,16361,414,133,62,3,2,834800,21128,3575,2943,90,74
20201009,false,16428,416,67,68,2,2,838606,21224,3806,3016,96,76
20201010,false,16500,418,72,63,2,2,842776,21330,4170,3047,106,77
20201011,false,16564,419,64,61,2,2,846579,21426,3803,3334,96,84
20201012,false,16572,419,8,63,0,2,850028,21513,3449,3264,87,83
20201013,false,16581,420,9,60,0,2,852406,21573,2378,3321,60,84
20201014,false,16639,421,58,58,1,1,855072,21641,2666,3421,67,87
20201015,false,16757,424,118,59,3,1,858401,21725,3329,3407,84,86
20201016,false,16830,426,73,57,2,1,861476,21803,3075,3372,78,85
20201017,false,16899,428,69,57,2,1,864455,21878,2979,3267,75,83
20201018,false,16943,429,44,57,1,1,867317,21951,2862,3097,72,78
20201019,false,16970,429,27,54,1,1,870791,22039,3474,2963,88,75
20201020,false,16992,430,22,57,1,1,874077,22122,3286,2966,83,75
20201021,false,17027,431,35,59,1,1,877784,22216,3707,3096,94,78
20201022,false,17189,435,162,55,4,1,880724,22290,2940,3245,74,82
20201023,false,17262,437,73,62,2,2,886865,22445,6141,3189,155,81
20201024,false,17311,438,49,62,1,2,892810,22596,5945,3627,150,92
20201025,false,17345,439,34,59,1,1,898029,22728,5219,4051,132,103
20201026,false,17357,439,12,57,0,1,901010,22803,2981,4387,75,111
20201027,false,17400,440,43,55,1,1,904198,22884,3188,4317,81,109
20201028,false,17475,442,75,58,2,1,908713,22998,4515,4303,114,109
20201029,false,17541,444,66,64,2,2,912904,23104,4191,4418,106,112
20201030,false,17571,445,30,50,1,1,916918,23206,4014,4597,102,116
20201031,false,17626,446,55,44,1,1,922005,23335,5087,4293,129,109
20201101,false,17667,447,41,45,1,1,926534,23449,4529,4171,115,106
20201102,false,17672,447,5,46,0,1,930628,23553,4094,4072,104,103
20201103,false,17686,448,14,45,0,1,934672,23655,4044,4231,102,107
20201104,false,17752,449,66,41,2,1,940010,23790,5338,4353,135,110
20201105,false,17815,451,63,40,2,1,944576,23906,4566,4471,116,113
20201106,false,17866,452,51,39,1,1,951094,24071,6518,4525,165,115
20201107,false,17939,454,73,42,2,1,956957,24219,5863,4882,148,124
20201108,false,17963,455,24,45,1,1,964639,24414,7682,4993,194,126
20201109,false,17977,455,14,42,0,1,971851,24596,7212,5444,183,138
20201110,false,18001,456,24,44,1,1,977218,24732,5367,5889,136,149
20201111,false,18070,457,69,45,2,1,984682,24921,7464,6078,189,154
20201112,false,18108,458,38,45,1,1,991609,25096,6927,6382,175,162
20201113,false,18137,459,29,42,1,1,998502,25271,6893,6719,174,170
20201114,false,18218,461,81,39,2,1,1008377,25521,9875,6773,250,171
20201115,false,18253,462,35,40,1,1,1019345,25798,10968,7346,278,186
20201116,false,18263,462,10,41,0,1,1029235,26049,9890,7815,250,198
20201117,false,18299,463,36,41,1,1,1037978,26270,8743,8198,221,207
20201118,false,18360,465,61,43,2,1,1047789,26518,9811,8680,248,220
20201119,false,18466,467,106,41,3,1,1059267,26809,11478,9015,290,228
20201120,false,18557,470,91,51,2,1,1072272,27138,13005,9665,329,245
20201121,false,18643,472,86,60,2,2,1087714,27529,15442,10539,391,267
20201122,false,18676,473,33,61,1,2,1102033,27891,14319,11334,362,287
20201123,true,18700,474,53,53,1,1,1110000,28200,11000,11000,279,279
20201124,true,18800,475,54,54,1,1,1120000,28500,11500,11500,290,290
20201125,true,18800,477,55,55,1,1,1140000,28800,11900,11900,301,301
20201126,true,18900,478,56,56,1,1,1150000,29100,12300,12300,311,311
20201127,true,19000,480,57,57,1,1,1160000,29400,12700,12700,322,322
20201128,true,19000,481,58,58,1,1,1170000,29700,13200,13200,333,333
20201129,true,19100,483,59,59,1,1,1190000,30100,13600,13600,344,344
20201130,true,19100,484,60,60,2,2,1200000,30400,14000,14000,354,354
20201201,true,19200,486,61,61,2,2,1220000,30800,14400,14400,365,365
20201202,true,19300,487,62,62,2,2,1230000,31200,14800,14800,376,376
20201203,true,19300,489,63,63,2,2,1250000,31600,15300,15300,386,386
20201204,true,19400,490,64,64,2,2,1260000,31900,15700,15700,397,397
20201205,true,19400,492,65,65,2,2,1280000,32400,16100,16100,408,408
20201206,true,19500,494,66,66,2,2,1300000,32800,16500,16500,419,419
