date,projected,deaths,deathsPerMillion,deathIncrease,deathIncreaseAverage,deathIncreasePerMillion,deathIncreaseAveragePerMillion,positive,positivePerMillion,positiveIncrease,positiveIncreaseAverage,positiveIncreasePerMillion,positiveIncreaseAveragePerMillion
20200304,false,0,0,0,0,0,0,2,0,0,0,0,0
20200305,false,0,0,0,0,0,0,2,0,0,0,0,0
20200306,false,0,0,0,0,0,0,8,1,6,6,1,1
20200307,false,0,0,0,0,0,0,8,1,0,0,0,0
20200308,false,0,0,0,0,0,0,9,2,1,1,0,0
20200309,false,0,0,0,0,0,0,12,2,3,3,1,1
20200310,false,0,0,0,0,0,0,28,5,16,16,3,3
20200311,false,0,0,0,0,0,0,45,8,17,17,3,3
20200312,false,0,0,0,0,0,0,72,13,27,6,5,1
20200313,false,1,0,1,0,0,0,101,18,29,10,5,2
20200314,false,1,0,0,0,0,0,131,23,30,13,5,2
20200315,false,1,0,0,0,0,0,131,23,0,18,0,3
20200316,false,1,0,0,0,0,0,160,28,29,17,5,3
20200317,false,2,0,1,0,0,0,183,32,23,21,4,4
20200318,false,2,0,0,0,0,0,216,38,33,22,6,4
20200319,false,2,0,0,0,0,0,277,48,61,24,11,4
20200320,false,4,1,2,0,0,0,363,63,86,29,15,5
20200321,false,5,1,1,0,0,0,475,82,112,37,19,6
20200322,false,6,1,1,1,0,0,591,103,116,49,20,9
20200323,false,7,1,1,1,0,0,720,125,129,66,22,11
20200324,false,11,2,4,1,1,0,912,158,192,80,33,14
20200325,false,19,3,8,1,1,0,1086,189,174,104,30,18
20200326,false,24,4,5,2,1,0,1430,248,344,124,60,22
20200327,false,31,5,7,3,1,1,1734,301,304,165,53,29
20200328,false,44,8,13,4,2,1,2061,358,327,196,57,34
20200329,false,47,8,3,6,1,1,2307,401,246,227,43,39
20200330,false,51,9,4,6,1,1,2627,456,320,245,56,43
20200331,false,69,12,18,6,3,1,2966,515,339,272,59,47
20200401,false,80,14,11,8,2,1,3342,580,376,293,65,51
20200402,false,97,17,17,9,3,2,3728,647,386,322,67,56
20200403,false,111,19,14,10,2,2,4173,725,445,328,77,57
20200404,false,126,22,15,11,3,2,4565,793,392,348,68,60
20200405,false,140,24,14,12,2,2,4950,860,385,358,67,62
20200406,false,150,26,10,13,2,2,5172,898,222,378,39,66
20200407,false,179,31,29,14,5,2,5429,943,257,364,45,63
20200408,false,193,34,14,16,2,3,5655,982,226,352,39,61
20200409,false,226,39,33,16,6,3,6202,1077,547,330,95,57
20200410,false,250,43,24,18,4,3,6510,1130,308,353,53,61
20200411,false,274,48,24,20,4,3,6893,1197,383,334,67,58
20200412,false,290,50,16,21,3,4,7303,1268,410,333,71,58
20200413,false,308,53,18,21,3,4,7691,1336,388,336,67,58
20200414,false,329,57,21,23,4,4,7941,1379,250,360,43,63
20200415,false,357,62,28,21,5,4,8280,1438,339,359,59,62
20200416,false,374,65,17,23,3,4,8675,1506,395,375,69,65
20200417,false,391,68,17,21,3,4,9047,1571,372,353,65,61
20200418,false,411,71,20,20,3,3,9433,1638,386,362,67,63
20200419,false,422,73,11,20,2,3,9730,1690,297,363,52,63
20200420,false,449,78,27,19,5,3,10106,1755,376,347,65,60
20200421,false,486,84,37,20,6,3,10447,1814,341,345,59,60
20200422,false,508,88,22,22,4,4,10878,1889,431,358,75,62
20200423,false,552,96,44,22,8,4,11262,1956,384,371,67,64
20200424,false,674,117,122,25,21,4,12255,2128,993,370,172,64
20200425,false,672,117,-2,40,0,7,12968,2252,713,458,124,80
20200426,false,680,118,8,37,1,6,13441,2334,473,505,82,88
20200427,false,706,123,26,37,5,6,13879,2410,438,530,76,92
20200428,false,736,128,30,37,5,6,14316,2486,437,539,76,94
20200429,false,766,133,30,36,5,6,14758,2563,442,553,77,96
20200430,false,777,135,11,37,2,6,15284,2654,526,554,91,96
20200501,false,820,142,43,32,7,6,15768,2738,484,575,84,100
20200502,false,832,144,12,21,2,4,16225,2817,457,502,79,87
20200503,false,842,146,10,23,2,4,16635,2889,410,465,71,81
20200504,false,851,148,9,23,2,4,16907,2936,272,456,47,79
20200505,false,903,157,52,21,9,4,17364,3015,457,433,79,75
20200506,false,921,160,18,24,3,4,17830,3096,466,435,81,76
20200507,false,944,164,23,22,4,4,18371,3190,541,439,94,76
20200508,false,960,167,16,24,3,4,18827,3269,456,441,79,77
20200509,false,967,168,7,20,1,3,19375,3364,548,437,95,76
20200510,false,971,169,4,19,1,3,19703,3421,328,450,57,78
20200511,false,987,171,16,18,3,3,19879,3452,176,438,31,76
20200512,false,1009,175,22,19,4,3,20157,3500,278,425,48,74
20200513,false,1062,184,53,15,9,3,20475,3555,318,399,55,69
20200514,false,1091,189,29,20,5,3,20838,3619,363,378,63,66
20200515,false,1150,200,59,21,10,4,21232,3687,394,352,68,61
20200516,false,1192,207,42,27,7,5,21633,3757,401,344,70,60
20200517,false,1215,211,23,32,4,6,21938,3810,305,323,53,56
20200518,false,1224,213,9,35,2,6,22202,3855,264,319,46,55
20200519,false,1257,218,33,34,6,6,22482,3904,280,332,49,58
20200520,false,1299,226,42,35,7,6,22797,3959,315,332,55,58
20200521,false,1310,227,11,34,2,6,23191,4027,394,332,68,58
20200522,false,1324,230,14,31,2,5,23487,4078,296,336,51,58
20200523,false,1327,230,3,25,1,4,23964,4161,477,322,83,56
20200524,false,1332,231,5,19,1,3,24174,4198,210,333,36,58
20200525,false,1333,231,1,17,0,3,24269,4214,95,319,16,55
20200526,false,1352,235,19,16,3,3,24565,4266,296,295,51,51
20200527,false,1392,242,40,14,7,2,24767,4301,202,298,35,52
20200528,false,1421,247,29,13,5,2,25121,4362,354,281,61,49
20200529,false,1436,249,15,16,3,3,25613,4448,492,276,85,48
20200530,false,1443,251,7,16,1,3,26098,4532,485,304,84,53
20200531,false,1445,251,2,17,0,3,26378,4581,280,305,49,53
20200601,false,1458,253,13,16,2,3,26577,4615,199,315,35,55
20200602,false,1474,256,16,18,3,3,26788,4652,211,330,37,57
20200603,false,1494,259,20,17,3,3,27060,4699,272,318,47,55
20200604,false,1512,263,18,15,3,3,27360,4751,300,328,52,57
20200605,false,1524,265,12,13,2,2,27615,4795,255,320,44,56
20200606,false,1527,265,3,13,1,2,27848,4836,233,286,40,50
20200607,false,1527,265,0,12,0,2,28001,4862,153,250,27,43
20200608,false,1543,268,16,12,3,2,28183,4894,182,232,32,40
20200609,false,1553,270,10,12,2,2,28347,4922,164,229,28,40
20200610,false,1573,273,20,11,3,2,28499,4949,152,223,26,39
20200611,false,1583,275,10,11,2,2,28647,4975,148,206,26,36
20200612,false,1595,277,12,10,2,2,28822,5005,175,184,30,32
20200613,false,1598,277,3,10,1,2,29017,5039,195,172,34,30
20200614,false,1599,278,1,10,0,2,29130,5058,113,167,20,29
20200615,false,1605,279,6,10,1,2,29299,5088,169,161,29,28
20200616,false,1617,281,12,9,2,2,29442,5113,143,159,25,28
20200617,false,1631,283,14,9,2,2,29673,5153,231,156,40,27
20200618,false,1638,284,7,8,1,1,29901,5192,228,168,40,29
20200619,false,1643,285,5,8,1,1,30187,5242,286,179,50,31
20200620,false,1647,286,4,7,1,1,30349,5270,162,195,28,34
20200621,false,1647,286,0,7,0,1,30539,5303,190,190,33,33
20200622,false,1651,287,4,7,1,1,30705,5332,166,201,29,35
20200623,false,1665,289,14,7,2,1,30893,5365,188,201,33,35
20200624,false,1667,289,2,7,0,1,31155,5410,262,207,45,36
20200625,false,1669,290,2,5,0,1,31479,5466,324,212,56,37
20200626,false,1673,291,4,4,1,1,31796,5521,317,225,55,39
20200627,false,1674,291,1,4,0,1,32022,5561,226,230,39,40
20200628,false,1676,291,2,4,0,1,32307,5610,285,239,49,42
20200629,false,1682,292,6,4,1,1,32511,5646,204,253,35,44
20200630,false,1690,293,8,4,1,1,32715,5681,204,258,35,45
20200701,false,1697,295,7,4,1,1,33029,5735,314,260,55,45
20200702,false,1701,295,4,4,1,1,33352,5792,323,268,56,47
20200703,false,1701,295,0,5,0,1,33619,5838,267,268,46,47
20200704,false,1701,295,0,4,0,1,33866,5881,247,260,43,45
20200705,false,1701,295,0,4,0,1,34065,5915,199,263,35,46
20200706,false,1691,294,-10,4,-2,1,34257,5949,192,251,33,44
20200707,false,1696,295,5,1,1,0,34664,6019,407,249,71,43
20200708,false,1704,296,8,1,1,0,35116,6098,452,278,78,48
20200709,false,1706,296,2,1,0,0,35525,6169,409,298,71,52
20200710,false,1724,299,18,1,3,0,36191,6285,666,310,116,54
20200711,false,1725,300,1,3,0,1,36591,6354,400,367,69,64
20200712,false,1725,300,0,3,0,1,36913,6410,322,389,56,68
20200713,false,1727,300,2,3,0,1,37242,6467,329,407,57,71
20200714,false,1738,302,11,5,2,1,37686,6544,444,426,77,74
20200715,false,1744,303,6,6,1,1,38155,6626,469,432,81,75
20200716,false,1745,303,1,6,0,1,38726,6725,571,434,99,75
20200717,false,1751,304,6,6,1,1,39344,6832,618,457,107,79
20200718,false,1752,304,1,4,0,1,39788,6909,444,450,77,78
20200719,false,1752,304,0,4,0,1,40142,6971,354,457,61,79
20200720,false,1758,305,6,4,1,1,40566,7044,424,461,74,80
20200721,false,1763,306,5,4,1,1,41059,7130,493,475,86,82
20200722,false,1771,308,8,4,1,1,41698,7241,639,482,111,84
20200723,false,1786,310,15,4,3,1,42314,7348,616,506,107,88
20200724,false,1790,311,4,6,1,1,42980,7463,666,513,116,89
20200725,false,1794,312,4,6,1,1,43789,7604,809,519,140,90
20200726,false,1794,312,0,6,0,1,44336,7699,547,572,95,99
20200727,false,1799,312,5,6,1,1,44565,7739,229,599,40,104
20200728,false,1807,314,8,6,1,1,45314,7869,749,571,130,99
20200729,false,1822,316,15,6,3,1,45796,7952,482,608,84,106
20200730,false,1822,316,0,7,0,1,46204,8023,408,585,71,102
20200731,false,1838,319,16,5,3,1,46809,8128,605,556,105,97
20200801,false,1844,320,6,7,1,1,47267,8208,458,547,80,95
20200802,false,1844,320,0,7,0,1,47716,8286,449,497,78,86
20200803,false,1844,320,0,7,0,1,47968,8330,252,483,44,84
20200804,false,1849,321,5,6,1,1,48394,8404,426,486,74,84
20200805,false,1851,321,2,6,0,1,48988,8507,594,440,103,76
20200806,false,1852,322,1,4,0,1,49436,8585,448,456,78,79
20200807,false,1857,322,5,4,1,1,49893,8664,457,462,79,80
20200808,false,1857,322,0,3,0,1,50324,8739,431,441,75,77
20200809,false,1858,323,1,2,0,0,50660,8797,336,437,58,76
20200810,false,1863,324,5,2,1,0,51039,8863,379,421,66,73
20200811,false,1875,326,12,3,2,1,51441,8933,402,439,70,76
20200812,false,1875,326,0,4,0,1,51756,8987,315,435,55,76
20200813,false,1882,327,7,3,1,1,52219,9068,463,395,80,69
20200814,false,1888,328,6,4,1,1,52538,9123,319,398,55,69
20200815,false,1896,329,8,4,1,1,52838,9175,300,378,52,66
20200816,false,1896,329,0,6,0,1,53176,9234,338,359,59,62
20200817,false,1896,329,0,5,0,1,53370,9268,194,359,34,62
20200818,false,1899,330,3,5,1,1,53631,9313,261,333,45,58
20200819,false,1900,330,1,3,0,1,53901,9360,270,313,47,54
20200820,false,1903,330,3,4,1,1,54230,9417,329,306,57,53
20200821,false,1910,332,7,3,1,1,54586,9479,356,287,62,50
20200822,false,1918,333,8,3,1,1,54883,9530,297,293,52,51
20200823,false,1918,333,0,3,0,1,55143,9576,260,292,45,51
20200824,false,1919,333,1,3,0,1,55341,9610,198,281,34,49
20200825,false,1926,334,7,3,1,1,55800,9690,459,282,80,49
20200826,false,1927,335,1,4,0,1,55993,9723,193,310,34,54
20200827,false,1931,335,4,4,1,1,56343,9784,350,299,61,52
20200828,false,1937,336,6,4,1,1,56773,9859,430,302,75,52
20200829,false,1944,338,7,4,1,1,57041,9905,268,312,47,54
20200830,false,1944,338,0,4,0,1,57223,9937,182,308,32,53
20200831,false,1945,338,1,4,0,1,57424,9972,201,297,35,52
20200901,false,1946,338,1,4,0,1,57775,10033,351,298,61,52
20200902,false,1952,339,6,3,1,1,58019,10075,244,282,42,49
20200903,false,1955,339,3,4,1,1,58287,10121,268,289,47,50
20200904,false,1966,341,11,3,2,1,58655,10185,368,278,64,48
20200905,false,1971,342,5,4,1,1,58989,10243,334,269,58,47
20200906,false,1972,342,1,4,0,1,59274,10293,285,278,49,48
20200907,false,1973,343,1,4,0,1,59487,10330,213,293,37,51
20200908,false,1973,343,0,4,0,1,59674,10362,187,295,32,51
20200909,false,1977,343,4,4,1,1,59920,10405,246,271,43,47
20200910,false,1979,344,2,4,0,1,60185,10451,265,272,46,47
20200911,false,1985,345,6,3,1,1,60492,10504,307,271,53,47
20200912,false,1988,345,3,3,1,1,60907,10576,415,262,72,45
20200913,false,1988,345,0,2,0,0,61324,10649,417,274,72,48
20200914,false,1990,346,2,2,0,0,61699,10714,375,293,65,51
20200915,false,1996,347,6,2,1,0,62099,10783,400,316,69,55
20200916,false,2002,348,6,3,1,1,62686,10885,587,346,102,60
20200917,false,2006,348,4,4,1,1,63145,10965,459,395,80,69
20200918,false,2009,349,3,4,1,1,63750,11070,605,423,105,73
20200919,false,2013,350,4,3,1,1,64356,11175,606,465,105,81
20200920,false,2014,350,1,4,0,1,64857,11262,501,493,87,86
20200921,false,2018,350,4,4,1,1,65399,11356,542,505,94,88
20200922,false,2025,352,7,4,1,1,66053,11470,654,529,114,92
20200923,false,2030,353,5,4,1,1,66669,11577,616,565,107,98
20200924,false,2033,353,3,4,1,1,67217,11672,548,569,95,99
20200925,false,2037,354,4,4,1,1,67926,11795,709,582,123,101
20200926,false,2040,354,3,4,1,1,68510,11897,584,597,101,104
20200927,false,2041,354,1,4,0,1,69079,11996,569,593,99,103
20200928,false,2044,355,3,4,1,1,69490,12067,411,603,71,105
20200929,false,2046,355,2,4,0,1,70025,12160,535,584,93,101
20200930,false,2051,356,5,3,1,1,70536,12249,511,567,89,98
20201001,false,2054,357,3,3,1,1,71218,12367,682,552,118,96
20201002,false,2057,357,3,3,1,1,71898,12485,680,572,118,99
20201003,false,2060,358,3,3,1,1,72555,12599,657,567,114,98
20201004,false,2068,359,8,3,1,1,73076,12690,521,578,90,100
20201005,false,2069,359,1,4,0,1,73537,12770,461,571,80,99
20201006,false,2081,361,12,4,2,1,74191,12883,654,578,114,100
20201007,false,2085,362,4,5,1,1,74922,13010,731,595,127,103
20201008,false,2095,364,10,5,2,1,75785,13160,863,627,150,109
20201009,false,2103,365,8,6,1,1,76619,13305,834,652,145,113
20201010,false,2112,367,9,7,2,1,77642,13482,1023,674,178,117
20201011,false,2113,367,1,7,0,1,78461,13625,819,727,142,126
20201012,false,2116,367,3,6,1,1,79037,13725,576,769,100,134
20201013,false,2153,374,37,7,6,1,80085,13907,1048,786,182,136
20201014,false,2160,375,7,10,1,2,80777,14027,692,842,120,146
20201015,false,2162,375,2,11,0,2,81918,14225,1141,836,198,145
20201016,false,2172,377,10,10,2,2,83230,14453,1312,876,228,152
20201017,false,2176,378,4,10,1,2,84369,14651,1139,944,198,164
20201018,false,2176,378,0,9,0,2,85302,14813,933,961,162,167
20201019,false,2180,379,4,9,1,2,86374,14999,1072,977,186,170
20201020,false,2182,379,2,9,0,2,87582,15209,1208,1048,210,182
20201021,false,2194,381,12,4,2,1,88849,15429,1267,1071,220,186
20201022,false,2198,382,4,5,1,1,90222,15667,1373,1153,238,200
20201023,false,2211,384,13,5,2,1,91572,15901,1350,1186,234,206
20201024,false,2218,385,7,6,1,1,93400,16219,1828,1192,317,207
20201025,false,2223,386,5,6,1,1,95089,16512,1689,1290,293,224
20201026,false,2226,387,3,7,1,1,97300,16896,2211,1398,384,243
20201027,false,2236,388,10,7,2,1,98733,17145,1433,1561,249,271
20201028,false,2249,391,13,8,2,1,100208,17401,1475,1593,256,277
20201029,false,2268,394,19,8,3,1,102014,17715,1806,1623,314,282
20201030,false,2278,396,10,10,2,2,104426,18133,2412,1685,419,293
20201031,false,2285,397,7,10,1,2,107350,18641,2924,1836,508,319
20201101,false,2288,397,3,10,1,2,109910,19086,2560,1993,445,346
20201102,false,2292,398,4,9,1,2,112147,19474,2237,2117,388,368
20201103,false,2311,401,19,9,3,2,114709,19919,2562,2121,445,368
20201104,false,2333,405,22,11,4,2,117637,20428,2928,2282,508,396
20201105,false,2353,409,20,12,3,2,121006,21013,3369,2490,585,432
20201106,false,2376,413,23,12,4,2,124469,21614,3463,2713,601,471
20201107,false,2389,415,13,14,2,2,127967,22221,3498,2863,607,497
20201108,false,2394,416,5,15,1,3,130984,22745,3017,2945,524,511
20201109,false,2408,418,14,15,2,3,134537,23362,3553,3011,617,523
20201110,false,2427,421,19,17,3,3,138427,24038,3890,3199,675,556
20201111,false,2443,424,16,17,3,3,142402,24728,3975,3388,690,588
20201112,false,2468,429,25,16,4,3,147599,25630,5197,3538,902,614
20201113,false,2504,435,36,16,6,3,154038,26749,6439,3799,1118,660
20201114,false,2525,438,21,18,4,3,159234,27651,5196,4224,902,733
20201115,false,2546,442,21,19,4,3,163417,28377,4183,4467,726,776
20201116,false,2578,448,32,22,6,4,167713,29123,4296,4633,746,805
20201117,false,2608,453,30,24,5,4,172044,29875,4331,4739,752,823
20201118,false,2651,460,43,26,7,5,176694,30683,4650,4802,807,834
20201119,false,2730,474,79,30,14,5,182801,31743,6107,4899,1060,851
20201120,false,2745,477,15,37,3,6,188566,32744,5765,5029,1001,873
20201121,false,2787,484,42,34,7,6,194679,33806,6113,4933,1062,857
20201122,false,2806,487,19,37,3,6,198600,34487,3921,5064,681,879
20201123,false,2810,488,4,37,1,6,202289,35127,3689,5026,641,873
20201124,false,2860,497,50,33,9,6,206439,35848,4150,4939,721,858
20201125,false,2906,505,46,36,8,6,210630,36576,4191,4914,728,853
20201126,false,2957,513,51,36,9,6,216683,37627,6053,4848,1051,842
20201127,false,2977,517,20,32,3,6,220953,38368,4270,4840,741,840
20201128,false,2983,518,6,33,1,6,225283,39120,4330,4627,752,803
20201129,false,3003,521,20,28,3,5,228772,39726,3489,4372,606,759
20201130,false,3037,527,34,28,6,5,232905,40444,4133,4310,718,748
20201201,false,3109,540,72,32,13,6,237310,41209,4405,4374,765,760
20201202,false,3193,554,84,36,15,6,241172,41879,3862,4410,671,766
20201203,false,3320,577,127,41,22,7,247209,42928,6037,4363,1048,758
20201204,false,3338,580,18,52,3,9,252222,43798,5013,4361,871,757
20201205,false,3357,583,19,52,3,9,257347,44688,5125,4467,890,776
20201206,false,3356,583,-1,53,0,9,260581,45250,3234,4581,562,795
20201207,false,3358,583,2,50,0,9,264618,45951,4037,4544,701,789
20201208,false,3372,586,14,46,2,8,268589,46640,3971,4530,690,787
20201209,false,3639,632,267,38,46,7,272346,47293,3757,4468,652,776
20201210,false,3759,653,120,64,21,11,276995,48100,4649,4453,807,773
20201211,false,3846,668,87,63,15,11,281673,48912,4678,4255,812,739
20201212,false,3871,672,25,73,4,13,285634,49600,3961,4207,688,731
20201213,true,3940,684,68,68,12,12,290000,50400,4400,4400,765,765
20201214,true,4010,696,71,71,12,12,294000,51100,4400,4400,765,765
20201215,true,4080,709,74,74,13,13,299000,51900,4400,4400,765,765
20201216,true,4160,723,77,77,13,13,303000,52700,4400,4400,765,765
20201217,true,4240,736,80,80,14,14,308000,53400,4400,4400,765,765
20201218,true,4320,751,82,82,14,14,312000,54200,4400,4400,765,765
20201219,true,4410,765,85,85,15,15,316000,55000,4400,4400,765,765
20201220,true,4500,781,88,88,15,15,321000,55700,4400,4400,764,764
20201221,true,4590,797,91,91,16,16,325000,56500,4400,4400,764,764
20201222,true,4680,813,94,94,16,16,330000,57200,4400,4400,764,764
20201223,true,4780,830,97,97,17,17,334000,58000,4400,4400,764,764
20201224,true,4880,847,99,99,17,17,338000,58800,4400,4400,764,764
20201225,true,4980,865,102,102,18,18,343000,59500,4400,4400,764,764
20201226,true,5080,883,105,105,18,18,347000,60300,4400,4400,764,764
