date,projected,deaths,deathsPerMillion,deathIncrease,deathIncreaseAverage,deathIncreasePerMillion,positive,positivePerMillion,positiveIncrease,positiveIncreaseAverage,positiveIncreasePerMillion
20200129,false,0,0,0,0,0,0,0,0,0,0
20200130,false,0,0,0,0,0,0,0,0,0,0
20200131,false,0,0,0,0,0,0,0,0,0,0
20200201,false,0,0,0,0,0,0,0,0,0,0
20200202,false,0,0,0,0,0,0,0,0,0,0
20200203,false,0,0,0,0,0,0,0,0,0,0
20200204,false,0,0,0,0,0,0,0,0,0,0
20200205,false,0,0,0,0,0,0,0,0,0,0
20200206,false,0,0,0,0,0,0,0,0,0,0
20200207,false,0,0,0,0,0,0,0,0,0,0
20200208,false,0,0,0,0,0,0,0,0,0,0
20200209,false,0,0,0,0,0,0,0,0,0,0
20200210,false,0,0,0,0,0,0,0,0,0,0
20200211,false,0,0,0,0,0,0,0,0,0,0
20200212,false,0,0,0,0,0,0,0,0,0,0
20200213,false,0,0,0,0,0,0,0,0,0,0
20200214,false,0,0,0,0,0,0,0,0,0,0
20200215,false,0,0,0,0,0,0,0,0,0,0
20200216,false,0,0,0,0,0,0,0,0,0,0
20200217,false,0,0,0,0,0,0,0,0,0,0
20200218,false,0,0,0,0,0,0,0,0,0,0
20200219,false,0,0,0,0,0,0,0,0,0,0
20200220,false,0,0,0,0,0,0,0,0,0,0
20200221,false,0,0,0,0,0,0,0,0,0,0
20200222,false,0,0,0,0,0,0,0,0,0,0
20200223,false,0,0,0,0,0,0,0,0,0,0
20200224,false,0,0,0,0,0,0,0,0,0,0
20200225,false,0,0,0,0,0,0,0,0,0,0
20200226,false,0,0,0,0,0,0,0,0,0,0
20200227,false,0,0,0,0,0,0,0,0,0,0
20200228,false,0,0,0,0,0,0,0,0,0,0
20200229,false,0,0,0,0,0,0,0,0,0,0
20200301,false,0,0,0,0,0,0,0,0,0,0
20200302,false,0,0,0,0,0,0,0,0,0,0
20200303,false,0,0,0,0,0,2,0,2,0,0
20200304,false,0,0,0,0,0,3,0,1,0,0
20200305,false,0,0,0,0,0,7,0,4,0,0
20200306,false,0,0,0,0,0,8,0,1,1,0
20200307,false,0,0,0,0,0,8,0,0,1,0
20200308,false,0,0,0,0,0,12,1,4,1,0
20200309,false,0,0,0,0,0,13,1,1,2,0
20200310,false,0,0,0,0,0,18,1,5,2,0
20200311,false,2,0,2,0,0,20,1,2,2,0
20200312,false,2,0,0,0,0,26,1,6,2,0
20200313,false,2,0,0,0,0,31,1,5,3,0
20200314,false,3,0,1,0,0,51,2,20,3,0
20200315,false,4,0,1,0,0,91,4,40,6,0
20200316,false,4,0,0,1,0,122,6,31,11,1
20200317,false,6,0,2,1,0,149,7,27,16,1
20200318,false,7,0,1,1,0,211,10,62,19,1
20200319,false,8,0,1,1,0,310,14,99,27,1
20200320,false,10,0,2,1,0,386,18,76,41,2
20200321,false,12,1,2,1,0,528,25,142,51,2
20200322,false,13,1,1,1,0,731,34,203,68,3
20200323,false,14,1,1,1,0,1029,48,298,91,4
20200324,false,18,1,4,1,0,1205,56,176,130,6
20200325,false,22,1,4,2,0,1488,69,283,151,7
20200326,false,28,1,6,2,0,1985,92,497,182,8
20200327,false,34,2,6,3,0,2520,117,535,239,11
20200328,false,54,3,20,3,0,3179,148,659,305,14
20200329,false,56,3,2,6,0,3884,181,705,379,18
20200330,false,63,3,7,6,0,4760,222,876,450,21
20200331,false,77,4,14,7,0,5612,261,852,533,25
20200401,false,87,4,10,8,0,6516,303,904,630,29
20200402,false,128,6,41,9,0,7548,351,1032,718,33
20200403,false,163,8,35,14,1,8816,410,1268,795,37
20200404,false,191,9,28,18,1,10097,470,1281,899,42
20200405,false,218,10,27,20,1,11245,524,1148,988,46
20200406,false,236,11,18,23,1,12008,559,763,1052,49
20200407,false,296,14,60,25,1,13167,613,1159,1035,48
20200408,false,309,14,13,31,1,14173,660,1006,1079,50
20200409,false,354,16,45,32,1,15219,709,1046,1094,51
20200410,false,390,18,36,32,1,16252,757,1033,1096,51
20200411,false,438,20,48,32,1,17340,807,1088,1062,49
20200412,false,465,22,27,35,2,18404,857,1064,1035,48
20200413,false,483,22,18,35,2,19213,895,809,1023,48
20200414,false,537,25,54,35,2,20135,937,922,1029,48
20200415,false,609,28,72,34,2,20727,965,592,995,46
20200416,false,646,30,37,43,2,21624,1007,897,936,44
20200417,false,699,33,53,42,2,22823,1063,1199,915,43
20200418,false,754,35,55,44,2,23906,1113,1083,939,44
20200419,false,781,36,27,45,2,24647,1148,741,938,44
20200420,false,806,38,25,45,2,25360,1181,713,892,42
20200421,false,856,40,50,46,2,26106,1215,746,878,41
20200422,false,910,42,54,46,2,26965,1255,859,853,40
20200423,false,979,46,69,43,2,27662,1288,697,891,41
20200424,false,1031,48,52,48,2,28876,1344,1214,863,40
20200425,false,1075,50,44,47,2,29610,1379,734,865,40
20200426,false,1094,51,19,46,2,30405,1416,795,815,38
20200427,false,1101,51,7,45,2,30924,1440,519,823,38
20200428,false,1154,54,53,42,2,31672,1475,748,795,37
20200429,false,1240,58,86,43,2,32015,1491,343,795,37
20200430,false,1290,60,50,47,2,32529,1515,514,721,34
20200501,false,1314,61,24,44,2,33506,1560,977,695,32
20200502,false,1388,65,74,40,2,34209,1593,703,661,31
20200503,false,1403,65,15,45,2,34841,1622,632,657,31
20200504,false,1423,66,20,44,2,35609,1658,768,634,30
20200505,false,1536,72,113,46,2,36183,1685,574,669,31
20200506,false,1605,75,69,55,3,36764,1712,581,644,30
20200507,false,1667,78,62,52,2,37389,1741,625,678,32
20200508,false,1738,81,71,54,3,37733,1757,344,694,32
20200509,false,1785,83,47,61,3,38498,1792,765,604,28
20200510,false,1791,83,6,57,3,39179,1824,681,613,29
20200511,false,1805,84,14,55,3,39562,1842,383,620,29
20200512,false,1849,86,44,55,3,40168,1870,606,565,26
20200513,false,1898,88,49,45,2,40967,1907,799,569,26
20200514,false,1948,91,50,42,2,41759,1944,792,600,28
20200515,false,1991,93,43,40,2,42545,1981,786,624,29
20200516,false,2040,95,49,36,2,43025,2003,480,687,32
20200517,false,2049,95,9,36,2,44161,2056,1136,647,30
20200518,false,2073,97,24,37,2,44815,2087,654,712,33
20200519,false,2129,99,56,38,2,45427,2115,612,750,35
20200520,false,2173,101,44,40,2,45902,2137,475,751,35
20200521,false,2222,103,49,39,2,47092,2193,1190,705,33
20200522,false,2268,106,46,39,2,47817,2226,725,762,35
20200523,false,2312,108,44,40,2,48550,2260,733,753,35
20200524,false,2316,108,4,39,2,49095,2286,545,789,37
20200525,false,2331,109,15,38,2,50075,2331,980,705,33
20200526,false,2338,109,7,37,2,50578,2355,503,751,35
20200527,false,2400,112,62,30,1,51053,2377,475,736,34
20200528,false,2446,114,46,32,1,51667,2406,614,736,34
20200529,false,2495,116,49,32,1,52888,2462,1221,654,30
20200530,false,2530,118,35,32,1,53640,2497,752,724,34
20200531,false,2534,118,4,31,1,54510,2538,870,727,34
20200601,false,2543,118,9,31,1,55210,2571,700,774,36
20200602,false,2613,122,70,30,1,55812,2599,602,734,34
20200603,false,2650,123,37,39,2,57021,2655,1209,748,35
20200604,false,2691,125,41,36,2,58286,2714,1265,853,40
20200605,false,2745,128,54,35,2,59305,2761,1019,946,44
20200606,false,2773,129,28,36,2,60549,2819,1244,917,43
20200607,false,2786,130,13,35,2,61941,2884,1392,987,46
20200608,false,2798,130,12,36,2,62970,2932,1029,1062,49
20200609,false,2851,133,53,36,2,64128,2986,1158,1109,52
20200610,false,2889,135,38,34,2,65370,3044,1242,1188,55
20200611,false,2938,137,49,34,2,67039,3121,1669,1193,56
20200612,false,2967,138,29,35,2,68673,3197,1634,1250,58
20200613,false,3016,140,49,32,1,71149,3313,2476,1338,62
20200614,false,3022,141,6,35,2,73282,3412,2133,1514,70
20200615,false,3030,141,8,34,2,75042,3494,1760,1620,75
20200616,false,3085,144,55,33,2,77733,3619,2691,1725,80
20200617,false,3110,145,25,33,2,80160,3732,2427,1944,91
20200618,false,3154,147,44,32,1,82854,3858,2694,2113,98
20200619,false,3197,149,43,31,1,86167,4012,3313,2259,105
20200620,false,3237,151,40,33,2,90169,4198,4002,2499,116
20200621,false,3254,152,17,32,1,94786,4413,4617,2717,127
20200622,false,3266,152,12,33,2,97537,4541,2751,3072,143
20200623,false,3333,155,67,34,2,101335,4718,3798,3214,150
20200624,false,3377,157,44,35,2,106806,4973,5471,3372,157
20200625,false,3423,159,46,38,2,111797,5205,4991,3807,177
20200626,false,3464,161,41,38,2,120611,5616,8814,4135,193
20200627,false,3489,162,25,38,2,130145,6060,9534,4921,229
20200628,false,3518,164,29,36,2,138499,6448,8354,5711,266
20200629,false,3546,165,28,38,2,143862,6698,5363,6245,291
20200630,false,3604,168,58,40,2,149889,6979,6027,6618,308
20200701,false,3650,170,46,39,2,156434,7284,6545,6936,323
20200702,false,3718,173,68,39,2,165876,7723,9442,7090,330
20200703,false,3785,176,67,42,2,175200,8157,9324,7726,360
20200704,false,3803,177,18,46,2,186530,8685,11330,7798,363
20200705,false,3832,178,29,45,2,196386,9144,9856,8055,375
20200706,false,3880,181,48,45,2,202623,9434,6237,8270,385
20200707,false,3943,184,63,48,2,209922,9774,7299,8394,391
20200708,false,3991,186,48,48,2,219869,10237,9947,8576,399
20200709,false,4111,191,120,49,2,228759,10651,8890,9062,422
20200710,false,4203,196,92,56,3,240009,11175,11250,8983,418
20200711,false,4301,200,98,60,3,250283,11653,10274,9258,431
20200712,false,4346,202,45,71,3,265432,12358,15149,9108,424
20200713,false,4381,204,35,73,3,277639,12927,12207,9864,459
20200714,false,4514,210,133,72,3,286822,13354,9183,10717,499
20200715,false,4626,215,112,82,4,296814,13820,9992,10986,512
20200716,false,4782,223,156,91,4,310573,14460,13759,10992,512
20200717,false,4912,229,130,96,4,321747,14980,11174,11688,544
20200718,false,5002,233,90,101,5,331920,15454,10173,11677,544
20200719,false,5091,237,89,100,5,344305,16031,12385,11662,543
20200720,false,5183,241,92,106,5,354710,16515,10405,11268,525
20200721,false,5319,248,136,115,5,363973,16947,9263,11010,513
20200722,false,5459,254,140,115,5,373637,17396,9664,11022,513
20200723,false,5632,262,173,119,6,383749,17867,10112,10975,511
20200724,false,5768,269,136,121,6,396069,18441,12320,10454,487
20200725,false,5894,274,126,122,6,408114,19002,12045,10617,494
20200726,false,5972,278,78,127,6,417360,19432,9246,10885,507
20200727,false,6049,282,77,126,6,426164,19842,8804,10436,486
20200728,false,6240,291,191,124,6,435302,20268,9138,10208,475
20200729,false,6457,301,217,132,6,444622,20702,9320,10190,474
20200730,false,6709,312,252,143,7,454457,21159,9835,10141,472
20200731,false,6966,324,257,154,7,463357,21574,8900,10101,470
20200801,false,7144,333,178,171,8,472859,22016,9502,9613,448
20200802,false,7206,336,62,179,8,479915,22345,7056,9249,431
20200803,false,7279,339,73,176,8,484729,22569,4814,8936,416
20200804,false,7526,350,247,176,8,490086,22818,5357,8366,390
20200805,false,7751,361,225,184,9,495510,23071,5424,7826,364
20200806,false,7871,366,120,185,9,503083,23423,7573,7270,338
20200807,false,8051,375,180,166,8,510624,23775,7541,6947,323
20200808,false,8238,384,187,155,7,518967,24163,8343,6752,314
20200809,false,8315,387,77,156,7,525106,24449,6139,6587,307
20200810,false,8408,391,93,158,7,529256,24642,4150,6456,301
20200811,false,8685,404,277,161,7,535018,24910,5762,6361,296
20200812,false,8898,414,213,166,8,543113,25287,8095,6419,299
20200813,false,9047,421,149,164,8,549340,25577,6227,6800,317
20200814,false,9276,432,229,168,8,557337,25950,7997,6608,308
20200815,false,9480,441,204,175,8,563628,26242,6291,6673,311
20200816,false,9587,446,107,177,8,567375,26417,3747,6380,297
20200817,false,9674,450,87,182,8,570024,26540,2649,6038,281
20200818,false,9893,461,219,181,8,573811,26717,3787,5824,271
20200819,false,10067,469,174,173,8,577891,26907,4080,5542,258
20200820,false,10186,474,119,167,8,582407,27117,4516,4968,231
20200821,false,10304,480,118,163,8,587023,27332,4616,4724,220
20200822,false,10411,485,107,147,7,591283,27530,4260,4241,197
20200823,false,10462,487,51,133,6,594287,27670,3004,3951,184
20200824,false,10534,490,72,125,6,596511,27773,2224,3845,179
20200825,false,10717,499,183,123,6,599176,27898,2665,3784,176
20200826,false,10872,506,155,118,5,602113,28034,2937,3624,169
20200827,false,11011,513,139,115,5,605342,28185,3229,3460,161
20200828,false,11099,517,88,118,5,609074,28358,3732,3276,153
20200829,false,11249,524,150,114,5,612206,28504,3132,3150,147
20200830,false,11263,524,14,120,6,614753,28623,2547,2989,139
20200831,false,11331,528,68,114,5,616629,28710,1876,2924,136
20200901,false,11521,536,190,114,5,624116,29059,7487,2874,134
20200902,false,11651,542,130,115,5,626426,29166,2310,3563,166
20200903,false,11800,549,149,111,5,629913,29329,3487,3473,162
20200904,false,11903,554,103,113,5,633060,29475,3147,3510,163
20200905,false,11963,557,60,115,5,636653,29642,3593,3427,160
20200906,false,12001,559,38,102,5,639166,29759,2513,3492,163
20200907,false,12023,560,22,105,5,640978,29844,1812,3488,162
20200908,false,12067,562,44,99,5,642775,29928,1797,3478,162
20200909,false,12269,571,202,78,4,644781,30021,2006,2666,124
20200910,false,12482,581,213,88,4,647318,30139,2537,2622,122
20200911,false,12658,589,176,97,5,650922,30307,3604,2486,116
20200912,false,12756,594,98,108,5,654090,30454,3168,2552,119
20200913,false,12764,594,8,113,5,656485,30566,2395,2491,116
20200914,false,12800,596,36,109,5,658203,30646,1718,2474,115
20200915,false,12946,603,146,111,5,660946,30774,2743,2461,115
20200916,false,13100,610,154,126,6,663234,30880,2288,2596,121
20200917,false,13247,617,147,119,6,666507,31032,3273,2636,123
20200918,false,13387,623,140,109,5,669684,31180,3177,2741,128
20200919,false,13450,626,63,104,5,673194,31344,3510,2680,125
20200920,false,13459,627,9,99,5,675691,31460,2497,2729,127
20200921,false,13480,628,21,99,5,677362,31538,1671,2744,128
20200922,false,13579,632,99,97,5,679776,31650,2414,2737,127
20200923,false,13782,642,203,90,4,682370,31771,2594,2690,125
20200924,false,13961,650,179,97,5,684847,31886,2477,2734,127
20200925,false,14083,656,122,102,5,687656,32017,2809,2620,122
20200926,false,14190,661,107,99,5,690387,32144,2731,2567,120
20200927,false,14202,661,12,106,5,692234,32230,1847,2456,114
20200928,false,14207,661,5,106,5,692962,32264,728,2363,110
20200929,false,14313,666,106,104,5,696171,32414,3209,2229,104
20200930,false,14488,675,175,105,5,698051,32501,1880,2342,109
20201001,false,14619,681,131,101,5,700602,32620,2551,2240,104
20201002,false,14730,686,111,94,4,703212,32741,2610,2251,105
20201003,false,14803,689,73,92,4,705965,32870,2753,2222,103
20201004,false,14845,691,42,88,4,707751,32953,1786,2225,104
20201005,false,14886,693,41,92,4,709157,33018,1406,2217,103
20201006,false,14945,696,59,97,5,711358,33121,2201,2314,108
20201007,false,15084,702,139,90,4,713902,33239,2544,2170,101
20201008,false,15254,710,170,85,4,717148,33390,3246,2264,105
20201009,false,15372,716,118,91,4,720001,33523,2853,2364,110
20201010,false,15372,716,0,92,4,720001,33523,0,2398,112
20201011,false,15552,724,180,81,4,725415,33775,5414,2005,93
20201012,false,15599,726,47,101,5,726934,33846,1519,2523,117
20201013,false,15722,732,123,102,5,729591,33970,2657,2540,118
20201014,false,15788,735,66,111,5,732399,34100,2808,2605,121
20201015,false,15932,742,144,101,5,735685,34253,3286,2642,123
20201016,false,16030,746,98,97,5,739050,34410,3365,2648,123
20201017,false,16118,750,88,94,4,743018,34595,3968,2721,127
20201018,false,16168,753,50,107,5,745492,34710,2474,3288,153
20201019,false,16222,755,54,88,4,747183,34789,1691,2868,134
20201020,false,16308,759,86,89,4,750739,34954,3556,2893,135
20201021,false,16308,759,0,84,4,752845,35052,2106,3021,141
20201022,false,16470,767,162,74,3,758306,35307,5461,2921,136
20201023,false,16544,770,74,77,4,761924,35475,3618,3232,150
20201024,false,16620,774,76,73,3,766305,35679,4381,3268,152
20201025,false,16632,774,12,72,3,768653,35788,2348,3327,155
20201026,false,16652,775,20,66,3,771989,35944,3336,3309,154
20201027,false,16709,778,57,61,3,776215,36140,4226,3544,165
20201028,false,16775,781,66,57,3,780220,36327,4005,3639,169
20201029,false,16854,785,79,67,3,784331,36518,4111,3911,182
20201030,false,16927,788,73,55,3,789714,36769,5383,3718,173
20201031,false,16969,790,42,55,3,791997,36875,2283,3970,185
20201101,false,16997,791,28,50,2,796802,37099,4805,3670,171
20201102,false,17043,794,46,52,2,801371,37312,4569,4021,187
20201103,false,17099,796,56,56,3,805924,37524,4553,4197,195
20201104,false,17131,798,32,56,3,810256,37725,4332,4244,198
20201105,false,17170,799,39,51,2,816376,38010,6120,4291,200
20201106,false,17224,802,54,45,2,821526,38250,5150,4578,213
20201107,false,17311,806,87,42,2,825906,38454,4380,4545,212
20201108,false,17333,807,22,49,2,832525,38762,6619,4844,226
20201109,false,17391,810,58,48,2,836370,38941,3845,5103,238
20201110,false,17460,813,69,50,2,840652,39141,4282,5000,233
20201111,false,17512,815,52,52,2,846321,39405,5669,4961,231
20201112,true,17563,818,51,51,2,851382,39640,5061,5061,236
20201113,true,17613,820,50,50,2,856545,39881,5163,5163,240
20201114,true,17661,822,49,49,2,861811,40126,5267,5267,245
20201115,true,17709,825,48,48,2,867184,40376,5373,5373,250
20201116,true,17756,827,47,47,2,872665,40631,5481,5481,255
20201117,true,17802,829,46,46,2,878256,40891,5591,5591,260
20201118,true,17846,831,45,45,2,883959,41157,5704,5704,266
20201119,true,17890,833,44,44,2,889778,41428,5818,5818,271
20201120,true,17933,835,43,43,2,895713,41704,5936,5936,276
20201121,true,17975,837,42,42,2,901768,41986,6055,6055,282
20201122,true,18016,839,41,41,2,907945,42274,6177,6177,288
20201123,true,18056,841,40,40,2,914246,42567,6301,6301,293
20201124,true,18096,843,39,39,2,920674,42866,6428,6428,299
20201125,true,18134,844,39,39,2,927232,43172,6557,6557,305
