date,projected,deaths,deathsPerMillion,deathIncrease,deathIncreaseAverage,deathIncreasePerMillion,deathIncreaseAveragePerMillion,positive,positivePerMillion,positiveIncrease,positiveIncreaseAverage,positiveIncreasePerMillion,positiveIncreaseAveragePerMillion
20200304,false,0,0,0,0,0,0,2,0,0,0,0,0
20200305,false,0,0,0,0,0,0,2,0,0,0,0,0
20200306,false,0,0,0,0,0,0,2,0,0,0,0,0
20200307,false,0,0,0,0,0,0,6,1,4,4,0,0
20200308,false,0,0,0,0,0,0,7,1,1,1,0,0
20200309,false,0,0,0,0,0,0,12,1,5,5,0,0
20200310,false,0,0,0,0,0,0,17,2,5,5,0,0
20200311,false,0,0,0,0,0,0,22,2,5,5,0,0
20200312,false,0,0,0,0,0,0,31,3,9,3,1,0
20200313,false,1,0,1,0,0,0,42,4,11,4,1,0
20200314,false,1,0,0,0,0,0,66,6,24,6,2,1
20200315,false,1,0,0,0,0,0,99,9,33,9,3,1
20200316,false,1,0,0,0,0,0,121,11,22,13,2,1
20200317,false,1,0,0,0,0,0,146,14,25,16,2,2
20200318,false,1,0,0,0,0,0,197,19,51,18,5,2
20200319,false,10,1,9,0,1,0,287,27,90,25,8,2
20200320,false,13,1,3,1,0,0,420,40,133,37,13,3
20200321,false,14,1,1,2,0,0,507,48,87,54,8,5
20200322,false,23,2,9,2,1,0,600,57,93,63,9,6
20200323,false,25,2,2,3,0,0,772,73,172,72,16,7
20200324,false,32,3,7,3,1,0,1026,97,254,93,24,9
20200325,false,40,4,8,4,1,0,1247,117,221,126,21,12
20200326,false,48,5,8,6,1,1,1525,144,278,150,26,14
20200327,false,64,6,16,5,2,0,2001,188,476,177,45,17
20200328,false,69,6,5,7,0,1,2366,223,365,226,34,21
20200329,false,80,8,11,8,1,1,2651,250,285,266,27,25
20200330,false,87,8,7,8,1,1,2809,265,158,293,15,28
20200331,false,111,10,24,9,2,1,3929,370,1120,291,105,27
20200401,false,139,13,28,11,3,1,4638,437,709,415,67,39
20200402,false,163,15,24,14,2,1,5348,504,710,484,67,46
20200403,false,184,17,21,16,2,2,5831,549,483,546,45,51
20200404,false,201,19,17,17,2,2,6160,580,329,547,31,52
20200405,false,211,20,10,19,1,2,6647,626,487,542,46,51
20200406,false,229,22,18,19,2,2,7314,689,667,571,63,54
20200407,false,329,31,100,20,9,2,8818,831,1504,644,142,61
20200408,false,362,34,33,31,3,3,9901,933,1083,698,102,66
20200409,false,379,36,17,32,2,3,10566,995,665,752,63,71
20200410,false,416,39,37,31,3,3,11483,1082,917,745,86,70
20200411,false,428,40,12,33,1,3,12159,1145,676,807,64,76
20200412,false,433,41,5,32,0,3,12452,1173,293,857,28,81
20200413,false,464,44,31,32,3,3,13315,1254,863,829,81,78
20200414,false,501,47,37,34,3,3,14223,1340,908,857,86,81
20200415,false,552,52,51,25,5,2,14987,1412,764,772,72,73
20200416,false,587,55,35,27,3,3,15669,1476,682,727,64,68
20200417,false,650,61,63,30,6,3,17194,1619,1525,729,144,69
20200418,false,673,63,23,33,2,3,17669,1664,475,816,45,77
20200419,false,687,65,14,35,1,3,18301,1724,632,787,60,74
20200420,false,733,69,46,36,4,3,18947,1785,646,836,61,79
20200421,false,799,75,66,38,6,4,19881,1872,934,805,88,76
20200422,false,836,79,37,43,3,4,20740,1953,859,808,81,76
20200423,false,872,82,36,41,3,4,21512,2026,772,822,73,77
20200424,false,892,84,20,41,2,4,22147,2086,635,835,60,79
20200425,false,904,85,12,35,1,3,22695,2138,548,708,52,67
20200426,false,912,86,8,33,1,3,23401,2204,706,718,66,68
20200427,false,971,91,59,32,6,3,23913,2252,512,729,48,69
20200428,false,1026,97,55,34,5,3,24615,2318,702,709,66,67
20200429,false,1093,103,67,32,6,3,25623,2413,1008,676,95,64
20200430,false,1120,105,27,37,3,3,26155,2463,532,698,50,66
20200501,false,1154,109,34,35,3,3,27270,2568,1115,663,105,62
20200502,false,1174,111,20,37,2,3,28306,2666,1036,732,98,69
20200503,false,1177,111,3,39,0,4,28602,2694,296,802,28,76
20200504,false,1222,115,45,38,4,4,29368,2766,766,743,72,70
20200505,false,1288,121,66,36,6,3,29711,2798,343,779,32,73
20200506,false,1311,123,23,37,2,3,30696,2891,985,728,93,69
20200507,false,1336,126,25,31,2,3,31439,2961,743,725,70,68
20200508,false,1377,130,41,31,4,3,32106,3024,667,755,63,71
20200509,false,1400,132,23,32,2,3,32532,3064,426,691,40,65
20200510,false,1405,132,5,32,0,3,33441,3150,909,604,86,57
20200511,false,1441,136,36,33,3,3,33927,3195,486,691,46,65
20200512,false,1461,138,20,31,2,3,34635,3262,708,651,67,61
20200513,false,1505,142,44,25,4,2,35332,3328,697,703,66,66
20200514,false,1527,144,22,28,2,3,35858,3377,526,662,50,62
20200515,false,1557,147,30,27,3,3,36681,3455,823,631,78,59
20200516,false,1592,150,35,26,3,2,37147,3499,466,654,44,62
20200517,false,1606,151,14,27,1,3,37701,3551,554,659,52,62
20200518,false,1642,155,36,29,3,3,38081,3587,380,609,36,57
20200519,false,1664,157,22,29,2,3,38721,3647,640,593,60,56
20200520,false,1687,159,23,29,2,3,39647,3734,926,584,87,55
20200521,false,1754,165,67,26,6,2,40405,3806,758,616,71,58
20200522,false,1785,168,31,32,3,3,41218,3882,813,650,77,61
20200523,false,1811,171,26,33,2,3,42132,3968,914,648,86,61
20200524,false,1824,172,13,31,1,3,42838,4035,706,712,66,67
20200525,false,1830,172,6,31,1,3,43344,4082,506,734,48,69
20200526,false,1871,176,41,27,4,3,43730,4119,386,752,36,71
20200527,false,1907,180,36,30,3,3,44421,4184,691,716,65,67
20200528,false,1962,185,55,31,5,3,45070,4245,649,682,61,64
20200529,false,1974,186,12,30,1,3,45670,4301,600,666,57,63
20200530,false,2003,189,29,27,3,3,46286,4359,616,636,58,60
20200531,false,2042,192,39,27,4,3,46986,4425,700,593,66,56
20200601,false,2074,195,32,31,3,3,47618,4485,632,593,60,56
20200602,false,2102,198,28,35,3,3,48207,4540,589,611,55,58
20200603,false,2123,200,21,33,2,3,48894,4605,687,640,65,60
20200604,false,2147,202,24,31,2,3,49847,4695,953,639,90,60
20200605,false,2174,205,27,26,3,2,50621,4768,774,682,73,64
20200606,false,2174,205,0,29,0,3,51309,4833,688,707,65,67
20200607,false,2180,205,6,24,1,2,51898,4888,589,718,55,68
20200608,false,2208,208,28,20,3,2,52497,4944,599,702,56,66
20200609,false,2285,215,77,19,7,2,53249,5015,752,697,71,66
20200610,false,2329,219,44,26,4,2,53980,5084,731,720,69,68
20200611,false,2375,224,46,29,4,3,54973,5178,993,727,94,68
20200612,false,2418,228,43,33,4,3,55783,5254,810,732,76,69
20200613,false,2446,230,28,35,3,3,56801,5350,1018,737,96,69
20200614,false,2451,231,5,39,0,4,57681,5433,880,785,83,74
20200615,false,2494,235,43,39,4,4,58414,5502,733,826,69,78
20200616,false,2529,238,35,41,3,4,59078,5564,664,845,63,80
20200617,false,2575,243,46,35,4,3,60030,5654,952,833,90,78
20200618,false,2605,245,30,35,3,3,60912,5737,882,864,83,81
20200619,false,2636,248,31,33,3,3,62009,5840,1097,848,103,80
20200620,false,2642,249,6,31,1,3,63809,6010,1800,889,170,84
20200621,false,2643,249,1,28,0,3,64701,6094,892,1001,84,94
20200622,false,2648,249,5,27,0,3,65928,6209,1227,1003,116,94
20200623,false,2688,253,40,22,4,2,67678,6374,1750,1073,165,101
20200624,false,2698,254,10,23,1,2,69381,6535,1703,1229,160,116
20200625,false,2745,259,47,18,4,2,71095,6696,1714,1336,161,126
20200626,false,2770,261,25,20,2,2,72995,6875,1900,1455,179,137
20200627,false,2776,261,6,19,1,2,74985,7062,1990,1569,187,148
20200628,false,2778,262,2,19,0,2,77210,7272,2225,1597,210,150
20200629,false,2784,262,6,19,1,2,79417,7480,2207,1787,208,168
20200630,false,2805,264,21,19,2,2,81291,7656,1874,1927,177,181
20200701,false,2827,266,22,17,2,2,84237,7934,2946,1945,277,183
20200702,false,2849,268,22,18,2,2,87709,8261,3472,2122,327,200
20200703,false,2856,269,7,15,1,1,90493,8523,2784,2373,262,224
20200704,false,2857,269,1,12,0,1,93319,8789,2826,2500,266,235
20200705,false,2860,269,3,12,0,1,95516,8996,2197,2619,207,247
20200706,false,2878,271,18,12,2,1,97064,9142,1548,2615,146,246
20200707,false,2899,273,21,13,2,1,100470,9463,3406,2521,321,237
20200708,false,2922,275,23,13,2,1,103890,9785,3420,2740,322,258
20200709,false,2930,276,8,14,1,1,106727,10052,2837,2808,267,264
20200710,false,2965,279,35,12,3,1,111211,10474,4484,2717,422,256
20200711,false,2996,282,31,16,3,2,114401,10775,3190,2960,300,279
20200712,false,3001,283,5,20,0,2,116926,11013,2525,3012,238,284
20200713,false,3026,285,25,20,2,2,120569,11356,3643,3059,343,288
20200714,false,3054,288,28,21,3,2,123963,11675,3394,3358,320,316
20200715,false,3091,291,37,22,3,2,127834,12040,3871,3356,365,316
20200716,false,3104,292,13,24,1,2,131275,12364,3441,3421,324,322
20200717,false,3132,295,28,25,3,2,135183,12732,3908,3507,368,330
20200718,false,3168,298,36,24,3,2,139872,13174,4689,3425,442,323
20200719,false,3173,299,5,25,0,2,143123,13480,3251,3639,306,343
20200720,false,3176,299,3,25,0,2,145575,13711,2452,3742,231,352
20200721,false,3254,306,78,21,7,2,148988,14032,3413,3572,321,336
20200722,false,3335,314,81,29,8,3,152302,14345,3314,3575,312,337
20200723,false,3360,316,25,35,2,3,156588,14748,4286,3495,404,329
20200724,false,3442,324,82,37,8,3,161401,15202,4813,3616,453,341
20200725,false,3495,329,53,44,5,4,165188,15558,3787,3745,357,353
20200726,false,3498,329,3,47,0,4,167953,15819,2765,3617,260,341
20200727,false,3509,330,11,46,1,4,170843,16091,2890,3547,272,334
20200728,false,3563,336,54,48,5,5,175052,16487,4209,3610,396,340
20200729,false,3642,343,79,44,7,4,178323,16795,3271,3723,308,351
20200730,false,3671,346,29,44,3,4,182286,17169,3963,3717,373,350
20200731,false,3752,353,81,44,8,4,186352,17552,4066,3671,383,346
20200801,false,3825,360,73,44,7,4,190012,17896,3660,3564,345,336
20200802,false,3840,362,15,47,1,4,193177,18194,3165,3546,298,334
20200803,false,3842,362,2,49,0,5,195435,18407,2258,3603,213,339
20200804,false,3921,369,79,48,7,5,197948,18644,2513,3513,237,331
20200805,false,3984,375,63,51,6,5,201713,18998,3765,3271,355,308
20200806,false,4026,379,42,49,4,5,204895,19298,3182,3341,300,315
20200807,false,4117,388,91,51,9,5,209004,19685,4109,3230,387,304
20200808,false,4186,394,69,52,6,5,213427,20102,4423,3236,417,305
20200809,false,4199,395,13,52,1,5,216596,20400,3169,3345,298,315
20200810,false,4229,398,30,51,3,5,219025,20629,2429,3346,229,315
20200811,false,4351,410,122,55,11,5,222588,20964,3563,3370,336,317
20200812,false,4456,420,105,61,10,6,226153,21300,3565,3520,336,332
20200813,false,4538,427,82,67,8,6,228668,21537,2515,3491,237,329
20200814,false,4573,431,35,73,3,7,231895,21841,3227,3396,304,320
20200815,false,4669,440,96,65,9,6,235168,22149,3273,3270,308,308
20200816,false,4702,443,33,69,3,6,237030,22325,1862,3106,175,293
20200817,false,4727,445,25,72,2,7,238861,22497,1831,2919,172,275
20200818,false,4794,452,67,71,6,7,241677,22762,2816,2834,265,267
20200819,false,4849,457,55,63,5,6,243982,22979,2305,2727,217,257
20200820,false,4904,462,55,56,5,5,246741,23239,2759,2547,260,240
20200821,false,4998,471,94,52,9,5,249630,23511,2889,2582,272,243
20200822,false,5092,480,94,61,9,6,252222,23755,2592,2534,244,239
20200823,false,5132,483,40,60,4,6,253949,23918,1727,2436,163,229
20200824,false,5156,486,24,61,2,6,256253,24135,2304,2417,217,228
20200825,false,5262,496,106,61,10,6,258354,24333,2101,2485,198,234
20200826,false,5311,500,49,67,5,6,260590,24544,2236,2382,211,224
20200827,false,5393,508,82,66,8,6,263074,24778,2484,2373,234,224
20200828,false,5471,515,78,70,7,7,265372,24994,2298,2333,216,220
20200829,false,5576,525,105,68,10,6,267758,25219,2386,2249,225,212
20200830,false,5604,528,28,69,3,6,268973,25333,1215,2219,114,209
20200831,false,5632,530,28,67,3,6,270471,25474,1498,2146,141,202
20200901,false,5733,540,101,68,10,6,272697,25684,2226,2031,210,191
20200902,false,5795,546,62,67,6,6,274613,25864,1916,2049,180,193
20200903,false,5868,553,73,69,7,6,277288,26116,2675,2003,252,189
20200904,false,5931,559,63,68,6,6,279354,26311,2066,2031,195,191
20200905,false,5977,563,46,66,4,6,281548,26518,2194,1997,207,188
20200906,false,6037,569,60,57,6,5,283199,26673,1651,1970,155,186
20200907,false,6044,569,7,62,1,6,283807,26730,608,2032,57,191
20200908,false,6070,572,26,59,2,6,285350,26876,1543,1905,145,179
20200909,false,6128,577,58,48,5,5,287287,27058,1937,1808,182,170
20200910,false,6204,584,76,48,7,5,289123,27231,1836,1811,173,171
20200911,false,6246,588,42,48,4,5,290781,27387,1658,1691,156,159
20200912,false,6287,592,41,45,4,4,292905,27587,2124,1632,200,154
20200913,false,6333,596,46,44,4,4,294314,27720,1409,1622,133,153
20200914,false,6353,598,20,42,2,4,295337,27816,1023,1588,96,150
20200915,false,6398,603,45,44,4,4,296833,27957,1496,1647,141,155
20200916,false,6419,605,21,47,2,4,299056,28167,2223,1640,209,154
20200917,false,6474,610,55,42,5,4,300903,28340,1847,1681,174,158
20200918,false,6537,616,63,39,6,4,302737,28513,1834,1683,173,159
20200919,false,6599,622,62,42,6,4,305021,28728,2284,1708,215,161
20200920,false,6602,622,3,45,0,4,306155,28835,1134,1731,107,163
20200921,false,6604,622,2,38,0,4,307339,28947,1184,1692,112,159
20200922,false,6677,629,73,36,7,3,308221,29030,882,1715,83,162
20200923,false,6773,638,96,40,9,4,309678,29167,1457,1627,137,153
20200924,false,6822,643,49,51,5,5,311046,29296,1368,1517,129,143
20200925,false,6874,647,52,50,5,5,312514,29434,1468,1449,138,136
20200926,false,6914,651,40,48,4,5,313873,29562,1359,1397,128,132
20200927,false,6946,654,32,45,3,4,314685,29639,812,1265,76,119
20200928,false,6961,656,15,49,1,5,315281,29695,596,1219,56,115
20200929,false,6994,659,33,51,3,5,316306,29791,1025,1135,97,107
20200930,false,7021,661,27,45,3,4,318026,29953,1720,1155,162,109
20201001,false,7063,665,42,35,4,3,319334,30076,1308,1193,123,112
20201002,false,7106,669,43,34,4,3,320634,30199,1300,1184,122,112
20201003,false,7134,672,28,33,3,3,322078,30335,1444,1160,136,109
20201004,false,7162,675,28,31,3,3,322925,30415,847,1172,80,110
20201005,false,7192,677,30,31,3,3,323714,30489,789,1177,74,111
20201006,false,7229,681,37,33,3,3,324650,30577,936,1205,88,113
20201007,false,7259,684,30,34,3,3,326142,30718,1492,1192,141,112
20201008,false,7294,687,35,34,3,3,327407,30837,1265,1159,119,109
20201009,false,7348,692,54,33,5,3,329032,30990,1625,1153,153,109
20201010,false,7393,696,45,35,4,3,330269,31106,1237,1200,117,113
20201011,false,7416,698,23,37,2,3,331409,31214,1140,1170,107,110
20201012,false,7429,700,13,36,1,3,332311,31299,902,1212,85,114
20201013,false,7454,702,25,34,2,3,333304,31392,993,1228,94,116
20201014,false,7470,704,16,32,2,3,334601,31514,1297,1236,122,116
20201015,false,7492,706,22,30,2,3,336241,31669,1640,1208,154,114
20201016,false,7556,712,64,28,6,3,337850,31820,1609,1262,152,119
20201017,false,7607,716,51,30,5,3,339384,31965,1534,1260,144,119
20201018,false,7638,719,31,31,3,3,340558,32075,1174,1302,111,123
20201019,false,7657,721,19,32,2,3,341310,32146,752,1307,71,123
20201020,false,7674,723,17,33,2,3,342438,32252,1128,1286,106,121
20201021,false,7704,726,30,31,3,3,343750,32376,1312,1305,124,123
20201022,false,7729,728,25,33,2,3,345535,32544,1785,1307,168,123
20201023,false,7766,731,37,34,3,3,347759,32754,2224,1328,209,125
20201024,false,7808,735,42,30,4,3,349605,32927,1846,1416,174,133
20201025,false,7809,735,1,29,0,3,350923,33052,1318,1460,124,138
20201026,false,7827,737,18,24,2,2,351881,33142,958,1481,90,139
20201027,false,7844,739,17,24,2,2,353372,33282,1491,1510,140,142
20201028,false,7876,742,32,24,3,2,355025,33438,1653,1562,156,147
20201029,false,7923,746,47,25,4,2,356848,33610,1823,1611,172,152
20201030,false,7955,749,32,28,3,3,358225,33739,1377,1616,130,152
20201031,false,7979,752,24,27,2,3,360790,33981,2565,1495,242,141
20201101,false,7981,752,2,24,0,2,361982,34093,1192,1598,112,151
20201102,false,7999,753,18,25,2,2,362921,34182,939,1580,88,149
20201103,false,8479,799,480,25,45,2,364589,34339,1668,1577,157,149
20201104,false,8522,803,43,91,4,9,366452,34514,1863,1602,175,151
20201105,false,8578,808,56,92,5,9,368368,34695,1916,1632,180,154
20201106,false,8608,811,30,94,3,9,370106,34858,1738,1646,164,155
20201107,false,8647,814,39,93,4,9,371825,35020,1719,1697,162,160
20201108,false,8648,815,1,95,0,9,373078,35138,1253,1576,118,148
20201109,false,8677,817,29,95,3,9,374181,35242,1103,1585,104,149
20201110,false,8730,822,53,97,5,9,376054,35419,1873,1609,176,152
20201111,false,8806,829,76,36,7,3,377694,35573,1640,1638,154,154
20201112,false,8881,836,75,41,7,4,380190,35808,2496,1606,235,151
20201113,false,8905,839,24,43,2,4,382505,36026,2315,1689,218,159
20201114,false,8956,844,51,42,5,4,384997,36261,2492,1771,235,167
20201115,false,8957,844,1,44,0,4,386949,36445,1952,1882,184,177
20201116,false,8967,845,10,44,1,4,387930,36537,981,1982,92,187
20201117,false,9008,848,41,41,4,4,391466,36870,3536,1964,333,185
20201118,false,9065,854,57,40,5,4,393890,37098,2424,2202,228,207
20201119,false,9102,857,37,37,3,3,396641,37358,2751,2314,259,218
20201120,false,9142,861,40,32,4,3,399410,37618,2769,2350,261,221
20201121,false,9179,865,37,34,3,3,402435,37903,3025,2415,285,227
20201122,false,9198,866,19,32,2,3,404411,38089,1976,2491,186,235
20201123,false,9215,868,17,34,2,3,406220,38260,1809,2495,170,235
20201124,false,9221,868,6,35,1,3,408644,38488,2424,2613,228,246
20201125,false,9297,876,76,30,7,3,411002,38710,2358,2454,222,231
20201126,false,9336,879,39,33,4,3,413909,38984,2907,2445,274,230
20201127,true,9360,882,29,29,3,3,417000,39200,2730,2730,257,257
20201128,true,9390,885,28,28,3,3,419000,39500,2800,2800,263,263
20201129,true,9420,887,27,27,3,3,422000,39800,2860,2860,270,270
20201130,true,9450,890,26,26,2,2,425000,40000,2930,2930,276,276
20201201,true,9470,892,25,25,2,2,428000,40300,3000,3000,282,282
20201202,true,9500,894,24,24,2,2,431000,40600,3070,3070,289,289
20201203,true,9520,896,23,23,2,2,434000,40900,3130,3130,295,295
20201204,true,9540,899,22,22,2,2,438000,41200,3200,3200,301,301
20201205,true,9560,901,21,21,2,2,441000,41500,3270,3270,308,308
20201206,true,9580,902,20,20,2,2,444000,41800,3340,3340,314,314
20201207,true,9600,904,19,19,2,2,448000,42200,3400,3400,321,321
20201208,true,9620,906,18,18,2,2,451000,42500,3470,3470,327,327
20201209,true,9640,907,17,17,2,2,455000,42800,3540,3540,333,333
20201210,true,9650,909,16,16,2,2,458000,43200,3610,3610,340,340
