date,projected,deaths,deathsPerMillion,deathIncrease,deathIncreaseAverage,deathIncreasePerMillion,deathIncreaseAveragePerMillion,positive,positivePerMillion,positiveIncrease,positiveIncreaseAverage,positiveIncreasePerMillion,positiveIncreaseAveragePerMillion
20200316,false,0,0,0,0,0,0,3,18,0,0,0,0
20200317,false,0,0,0,0,0,0,5,30,2,2,12,12
20200318,false,0,0,0,0,0,0,8,48,3,3,18,18
20200319,false,0,0,0,0,0,0,12,72,4,4,24,24
20200320,false,0,0,0,0,0,0,14,84,2,2,12,12
20200321,false,0,0,0,0,0,0,15,91,1,1,6,6
20200322,false,1,6,1,1,6,6,27,163,12,12,72,72
20200323,false,1,6,0,0,0,0,29,175,2,2,12,12
20200324,false,1,6,0,0,0,0,32,193,3,4,18,24
20200325,false,1,6,0,0,0,0,37,223,5,4,30,24
20200326,false,1,6,0,0,0,0,45,272,8,4,48,24
20200327,false,1,6,0,0,0,0,51,308,6,5,36,30
20200328,false,1,6,0,0,0,0,55,332,4,5,24,30
20200329,false,1,6,0,0,0,0,56,338,1,6,6,36
20200330,false,1,6,0,0,0,0,58,350,2,4,12,24
20200331,false,2,12,1,0,6,0,69,416,11,4,66,24
20200401,false,3,18,1,0,6,0,77,465,8,5,48,30
20200402,false,3,18,0,0,0,0,82,495,5,6,30,36
20200403,false,4,24,1,0,6,0,84,507,2,5,12,30
20200404,false,4,24,0,0,0,0,93,561,9,5,54,30
20200405,false,4,24,0,0,0,0,112,676,19,5,115,30
20200406,false,4,24,0,0,0,0,113,682,1,8,6,48
20200407,false,4,24,0,0,0,0,121,730,8,8,48,48
20200408,false,4,24,0,0,0,0,125,754,4,7,24,42
20200409,false,4,24,0,0,0,0,128,772,3,7,18,42
20200410,false,4,24,0,0,0,0,130,784,2,7,12,42
20200411,false,5,30,1,0,6,0,133,803,3,7,18,42
20200412,false,5,30,0,0,0,0,133,803,0,6,0,36
20200413,false,5,30,0,0,0,0,133,803,0,3,0,18
20200414,false,5,30,0,0,0,0,133,803,0,3,0,18
20200415,false,5,30,0,0,0,0,133,803,0,2,0,12
20200416,false,5,30,0,0,0,0,133,803,0,1,0,6
20200417,false,5,30,0,0,0,0,133,803,0,1,0,6
20200418,false,5,30,0,0,0,0,133,803,0,0,0,0
20200419,false,5,30,0,0,0,0,133,803,0,0,0,0
20200420,false,5,30,0,0,0,0,133,803,0,0,0,0
20200421,false,5,30,0,0,0,0,133,803,0,0,0,0
20200422,false,5,30,0,0,0,0,134,809,1,0,6,0
20200423,false,5,30,0,0,0,0,138,833,4,0,24,0
20200424,false,5,30,0,0,0,0,140,845,2,1,12,6
20200425,false,5,30,0,0,0,0,141,851,1,1,6,6
20200426,false,5,30,0,0,0,0,141,851,0,1,0,6
20200427,false,5,30,0,0,0,0,142,857,1,1,6,6
20200428,false,5,30,0,0,0,0,144,869,2,1,12,6
20200429,false,5,30,0,0,0,0,145,875,1,2,6,12
20200430,false,5,30,0,0,0,0,146,881,1,2,6,12
20200501,false,5,30,0,0,0,0,146,881,0,1,0,6
20200502,false,5,30,0,0,0,0,148,893,2,1,12,6
20200503,false,5,30,0,0,0,0,150,905,2,1,12,6
20200504,false,5,30,0,0,0,0,149,899,-1,1,-6,6
20200505,false,5,30,0,0,0,0,149,899,0,1,0,6
20200506,false,5,30,0,0,0,0,151,911,2,1,12,6
20200507,false,5,30,0,0,0,0,151,911,0,1,0,6
20200508,false,5,30,0,0,0,0,151,911,0,1,0,6
20200509,false,5,30,0,0,0,0,151,911,0,1,0,6
20200510,false,5,30,0,0,0,0,151,911,0,0,0,0
20200511,false,5,30,0,0,0,0,151,911,0,0,0,0
20200512,false,5,30,0,0,0,0,152,917,1,0,6,0
20200513,false,5,30,0,0,0,0,152,917,0,0,0,0
20200514,false,5,30,0,0,0,0,153,923,1,0,6,0
20200515,false,5,30,0,0,0,0,154,929,1,0,6,0
20200516,false,5,30,0,0,0,0,154,929,0,0,0,0
20200517,false,5,30,0,0,0,0,154,929,0,0,0,0
20200518,false,5,30,0,0,0,0,154,929,0,0,0,0
20200519,false,5,30,0,0,0,0,154,929,0,0,0,0
20200520,false,5,30,0,0,0,0,165,996,11,0,66,0
20200521,false,5,30,0,0,0,0,165,996,0,2,0,12
20200522,false,5,30,0,0,0,0,165,996,0,2,0,12
20200523,false,5,30,0,0,0,0,165,996,0,2,0,12
20200524,false,5,30,0,0,0,0,166,1002,1,2,6,12
20200525,false,5,30,0,0,0,0,166,1002,0,2,0,12
20200526,false,5,30,0,0,0,0,169,1020,3,2,18,12
20200527,false,5,30,0,0,0,0,170,1026,1,2,6,12
20200528,false,5,30,0,0,0,0,172,1038,2,1,12,6
20200529,false,5,30,0,0,0,0,172,1038,0,1,0,6
20200530,false,5,30,0,0,0,0,173,1044,1,1,6,6
20200531,false,5,30,0,0,0,0,173,1044,0,1,0,6
20200601,false,5,30,0,0,0,0,175,1056,2,1,12,6
20200602,false,5,30,0,0,0,0,177,1068,2,1,12,6
20200603,false,5,30,0,0,0,0,178,1074,1,1,6,6
20200604,false,5,30,0,0,0,0,179,1080,1,1,6,6
20200605,false,5,30,0,0,0,0,179,1080,0,1,0,6
20200606,false,5,30,0,0,0,0,179,1080,0,1,0,6
20200607,false,5,30,0,0,0,0,179,1080,0,1,0,6
20200608,false,5,30,0,0,0,0,179,1080,0,1,0,6
20200609,false,5,30,0,0,0,0,180,1086,1,1,6,6
20200610,false,5,30,0,0,0,0,182,1098,2,0,12,0
20200611,false,5,30,0,0,0,0,183,1104,1,1,6,6
20200612,false,5,30,0,0,0,0,184,1110,1,1,6,6
20200613,false,5,30,0,0,0,0,185,1116,1,1,6,6
20200614,false,5,30,0,0,0,0,185,1116,0,1,0,6
20200615,false,5,30,0,0,0,0,185,1116,0,1,0,6
20200616,false,5,30,0,0,0,0,186,1122,1,1,6,6
20200617,false,5,30,0,0,0,0,188,1134,2,1,12,6
20200618,false,5,30,0,0,0,0,193,1165,5,1,30,6
20200619,false,5,30,0,0,0,0,200,1207,7,1,42,6
20200620,false,5,30,0,0,0,0,222,1340,22,2,133,12
20200621,false,5,30,0,0,0,0,222,1340,0,5,0,30
20200622,false,5,30,0,0,0,0,224,1352,2,5,12,30
20200623,false,5,30,0,0,0,0,225,1358,1,6,6,36
20200624,false,5,30,0,0,0,0,231,1394,6,6,36,36
20200625,false,5,30,0,0,0,0,245,1478,14,6,84,36
20200626,false,5,30,0,0,0,0,248,1497,3,7,18,42
20200627,false,5,30,0,0,0,0,248,1497,0,7,0,42
20200628,false,5,30,0,0,0,0,248,1497,0,4,0,24
20200629,false,5,30,0,0,0,0,255,1539,7,4,42,24
20200630,false,5,30,0,0,0,0,259,1563,4,4,24,24
20200701,false,5,30,0,0,0,0,267,1611,8,5,48,30
20200702,false,5,30,0,0,0,0,280,1690,13,5,78,30
20200703,false,5,30,0,0,0,0,286,1726,6,5,36,30
20200704,false,5,30,0,0,0,0,288,1738,2,5,12,30
20200705,false,5,30,0,0,0,0,288,1738,0,6,0,36
20200706,false,5,30,0,0,0,0,301,1816,13,6,78,36
20200707,false,5,30,0,0,0,0,303,1828,2,7,12,42
20200708,false,5,30,0,0,0,0,307,1853,4,6,24,36
20200709,false,5,30,0,0,0,0,309,1865,2,6,12,36
20200710,false,5,30,0,0,0,0,310,1871,1,4,6,24
20200711,false,5,30,0,0,0,0,312,1883,2,3,12,18
20200712,false,5,30,0,0,0,0,312,1883,0,3,0,18
20200713,false,5,30,0,0,0,0,312,1883,0,3,0,18
20200714,false,5,30,0,0,0,0,312,1883,0,2,0,12
20200715,false,5,30,0,0,0,0,313,1889,1,1,6,6
20200716,false,5,30,0,0,0,0,314,1895,1,1,6,6
20200717,false,5,30,0,0,0,0,314,1895,0,1,0,6
20200718,false,5,30,0,0,0,0,315,1901,1,1,6,6
20200719,false,5,30,0,0,0,0,315,1901,0,0,0,0
20200720,false,5,30,0,0,0,0,319,1925,4,0,24,0
20200721,false,5,30,0,0,0,0,327,1973,8,1,48,6
20200722,false,5,30,0,0,0,0,330,1991,3,2,18,12
20200723,false,5,30,0,0,0,0,332,2003,2,2,12,12
20200724,false,5,30,0,0,0,0,337,2034,5,3,30,18
20200725,false,5,30,0,0,0,0,337,2034,0,3,0,18
20200726,false,5,30,0,0,0,0,337,2034,0,3,0,18
20200727,false,5,30,0,0,0,0,346,2088,9,3,54,18
20200728,false,5,30,0,0,0,0,349,2106,3,4,18,24
20200729,false,5,30,0,0,0,0,351,2118,2,3,12,18
20200730,false,5,30,0,0,0,0,354,2136,3,3,18,18
20200731,false,5,30,0,0,0,0,356,2148,2,3,12,18
20200801,false,5,30,0,0,0,0,367,2215,11,3,66,18
20200802,false,5,30,0,0,0,0,367,2215,0,4,0,24
20200803,false,5,30,0,0,0,0,368,2221,1,4,6,24
20200804,false,5,30,0,0,0,0,375,2263,7,3,42,18
20200805,false,5,30,0,0,0,0,389,2347,14,4,84,24
20200806,false,5,30,0,0,0,0,397,2396,8,5,48,30
20200807,false,5,30,0,0,0,0,411,2480,14,6,84,36
20200808,false,5,30,0,0,0,0,412,2486,1,8,6,48
20200809,false,5,30,0,0,0,0,412,2486,0,6,0,36
20200810,false,5,30,0,0,0,0,418,2522,6,6,36,36
20200811,false,5,30,0,0,0,0,434,2619,16,7,97,42
20200812,false,5,30,0,0,0,0,449,2709,15,8,91,48
20200813,false,5,30,0,0,0,0,477,2878,28,9,169,54
20200814,false,5,30,0,0,0,0,502,3029,25,11,151,66
20200815,false,5,30,0,0,0,0,502,3029,0,13,0,78
20200816,false,5,30,0,0,0,0,516,3114,14,13,84,78
20200817,false,5,30,0,0,0,0,558,3367,42,15,253,91
20200818,false,5,30,0,0,0,0,577,3482,19,20,115,121
20200819,false,5,30,0,0,0,0,599,3615,22,20,133,121
20200820,false,6,36,1,0,6,0,704,4248,105,21,634,127
20200821,false,7,42,1,0,6,0,767,4628,63,32,380,193
20200822,false,7,42,0,0,0,0,767,4628,0,38,0,229
20200823,false,7,42,0,0,0,0,820,4948,53,38,320,229
20200824,false,7,42,0,0,0,0,907,5473,87,43,525,259
20200825,false,7,42,0,0,0,0,984,5938,77,50,465,302
20200826,false,9,54,2,0,12,0,1120,6758,136,58,821,350
20200827,false,10,60,1,1,6,6,1232,7434,112,74,676,447
20200828,false,10,60,0,1,0,6,1287,7766,55,75,332,453
20200829,false,10,60,0,0,0,0,1347,8128,60,74,362,447
20200830,false,10,60,0,0,0,0,1347,8128,0,83,0,501
20200831,false,10,60,0,0,0,0,1395,8418,48,75,290,453
20200901,false,13,78,3,0,18,0,1447,8732,52,70,314,422
20200902,false,13,78,0,1,0,6,1494,9015,47,66,284,398
20200903,false,13,78,0,1,0,6,1560,9414,66,53,398,320
20200904,false,14,84,1,0,6,0,1619,9770,59,47,356,284
20200905,false,15,91,1,1,6,6,1671,10083,52,47,314,284
20200906,false,16,97,1,1,6,6,1671,10083,0,46,0,278
20200907,false,18,109,2,1,12,6,1671,10083,0,46,0,278
20200908,false,19,115,1,1,6,6,1713,10337,42,39,253,235
20200909,false,21,127,2,1,12,6,1758,10608,45,38,272,229
20200910,false,21,127,0,1,0,6,1846,11139,88,38,531,229
20200911,false,23,139,2,1,12,6,1863,11242,17,41,103,247
20200912,false,25,151,2,1,12,6,1891,11411,28,35,169,211
20200913,false,26,157,1,1,6,6,1891,11411,0,31,0,187
20200914,false,26,157,0,1,0,6,1927,11628,36,31,217,187
20200915,false,28,169,2,1,12,6,1966,11864,39,37,235,223
20200916,false,29,175,1,1,6,6,2013,12147,47,36,284,217
20200917,false,31,187,2,1,12,6,2045,12340,32,36,193,217
20200918,false,33,199,2,1,12,6,2074,12515,29,28,175,169
20200919,false,34,205,1,1,6,6,2117,12775,43,30,259,181
20200920,false,34,205,0,1,0,6,2117,12775,0,32,0,193
20200921,false,35,211,1,1,6,6,2147,12956,30,32,181,193
20200922,false,37,223,2,1,12,6,2190,13215,43,31,259,187
20200923,false,37,223,0,1,0,6,2235,13487,45,32,272,193
20200924,false,38,229,1,1,6,6,2263,13656,28,32,169,193
20200925,false,41,247,3,1,18,6,2286,13795,23,31,139,187
20200926,false,43,259,2,1,12,6,2354,14205,68,30,410,181
20200927,false,43,259,0,1,0,6,2354,14205,0,34,0,205
20200928,false,46,278,3,1,18,6,2390,14422,36,34,217,205
20200929,false,47,284,1,2,6,12,2443,14742,53,35,320,211
20200930,false,49,296,2,1,12,6,2488,15013,45,36,272,217
20201001,false,49,296,0,2,0,12,2550,15388,62,36,374,217
20201002,false,50,302,1,2,6,12,2617,15792,67,41,404,247
20201003,false,51,308,1,1,6,6,2699,16287,82,47,495,284
20201004,false,52,314,1,1,6,6,2699,16287,0,49,0,296
20201005,false,55,332,3,1,18,6,2753,16613,54,49,326,296
20201006,false,55,332,0,1,0,6,2814,16981,61,52,368,314
20201007,false,57,344,2,1,12,6,2868,17307,54,53,326,320
20201008,false,58,350,1,1,6,6,2934,17705,66,54,398,326
20201009,false,58,350,0,1,0,6,2989,18037,55,55,332,332
20201010,false,59,356,1,1,6,6,3056,18441,67,53,404,320
20201011,false,60,362,1,1,6,6,3078,18574,22,51,133,308
20201012,false,60,362,0,1,0,6,3170,19129,92,54,555,326
20201013,false,61,368,1,1,6,6,3266,19708,96,60,579,362
20201014,false,61,368,0,1,0,6,3341,20161,75,65,453,392
20201015,false,62,374,1,1,6,6,3427,20680,86,68,519,410
20201016,false,63,380,1,1,6,6,3538,21350,111,70,670,422
20201017,false,64,386,1,1,6,6,3617,21826,79,78,477,471
20201018,false,66,398,2,1,12,6,3675,22176,58,80,350,483
20201019,false,66,398,0,1,0,6,3756,22665,81,85,489,513
20201020,false,67,404,1,1,6,6,3886,23449,130,84,784,507
20201021,false,69,416,2,1,12,6,3968,23944,82,89,495,537
20201022,false,69,416,0,1,0,6,4056,24475,88,90,531,543
20201023,false,69,416,0,1,0,6,4141,24988,85,90,513,543
20201024,false,71,428,2,1,12,6,4175,25193,34,86,205,519
20201025,false,71,428,0,1,0,6,4216,25441,41,80,247,483
20201026,false,75,453,4,1,24,6,4336,26165,120,77,724,465
20201027,false,75,453,0,1,0,6,4418,26660,82,83,495,501
20201028,false,77,465,2,1,12,6,4466,26949,48,76,290,459
20201029,false,78,471,1,1,6,6,4549,27450,83,71,501,428
20201030,false,79,477,1,1,6,6,4628,27927,79,70,477,422
20201031,false,79,477,0,1,0,6,4681,28247,53,70,320,422
20201101,false,79,477,0,1,0,6,4690,28301,9,72,54,434
20201102,false,79,477,0,1,0,6,4693,28319,3,68,18,410
20201103,false,80,483,1,1,6,6,4812,29037,119,51,718,308
20201104,false,83,501,3,1,18,6,4903,29586,91,56,549,338
20201105,false,85,513,2,1,12,6,5004,30196,101,62,609,374
20201106,false,88,531,3,1,18,6,5077,30636,73,65,441,392
20201107,false,89,537,1,1,6,6,5113,30854,36,64,217,386
20201108,false,89,537,0,1,0,6,5233,31578,120,62,724,374
20201109,false,90,543,1,1,6,6,5473,33026,240,78,1448,471
20201110,false,91,549,1,2,6,12,5654,34118,181,111,1092,670
20201111,false,91,549,0,2,0,12,5755,34728,101,120,609,724
20201112,false,91,549,0,1,0,6,5850,35301,95,122,573,736
20201113,false,93,561,2,1,12,6,5924,35747,74,121,447,730
20201114,false,93,561,0,1,0,6,5965,35995,41,121,247,730
20201115,false,94,567,1,1,6,6,6121,36936,156,122,941,736
20201116,false,98,591,4,1,24,6,6175,37262,54,127,326,766
20201117,false,100,603,2,1,12,6,6234,37618,59,100,356,603
20201118,false,100,603,0,1,0,6,6346,38294,112,83,676,501
20201119,false,101,609,1,1,6,6,6416,38716,70,84,422,507
20201120,false,103,622,2,1,12,6,6452,38934,36,81,217,489
20201121,false,104,628,1,1,6,6,6476,39078,24,75,145,453
20201122,false,106,640,2,2,12,12,6549,39519,73,73,441,441
20201123,false,106,640,0,2,0,12,6602,39839,53,61,320,368
20201124,false,107,646,1,1,6,6,6655,40159,53,61,320,368
20201125,false,109,658,2,1,12,6,6705,40460,50,60,302,362
20201126,false,111,670,2,1,12,6,6748,40720,43,51,259,308
20201127,false,112,676,1,1,6,6,6768,40840,20,47,121,284
20201128,false,112,676,0,1,0,6,6782,40925,14,45,84,272
20201129,false,112,676,0,1,0,6,6818,41142,36,44,217,266
20201130,false,112,676,0,1,0,6,6852,41347,34,38,205,229
20201201,false,112,676,0,1,0,6,6889,41571,37,36,223,217
20201202,false,112,676,0,1,0,6,6920,41758,31,33,187,199
20201203,false,112,676,0,0,0,0,6942,41890,22,31,133,187
20201204,false,113,682,1,0,6,0,6959,41993,17,28,103,169
20201205,false,113,682,0,0,0,0,6977,42102,18,27,109,163
20201206,false,113,682,0,0,0,0,7004,42265,27,28,163,169
20201207,false,113,682,0,0,0,0,7019,42355,15,27,91,163
20201208,false,113,682,0,0,0,0,7026,42397,7,24,42,145
20201209,true,113,682,0,0,0,0,7040,42500,18,18,109,109
20201210,true,113,682,0,0,0,0,7060,42600,16,16,96,96
20201211,true,113,682,0,0,0,0,7070,42700,13,13,78,78
20201212,true,113,682,0,0,0,0,7080,42700,11,11,66,66
20201213,true,113,682,0,0,0,0,7090,42800,8,8,48,48
20201214,true,113,682,0,0,0,0,7100,42800,6,6,36,36
20201215,true,113,682,0,0,0,0,7100,42800,3,3,18,18
20201216,true,113,682,0,0,0,0,7100,42900,1,1,6,6
20201217,true,113,682,0,0,0,0,7100,42900,0,0,0,0
20201218,true,113,682,0,0,0,0,7100,42900,0,0,0,0
20201219,true,113,682,0,0,0,0,7100,42900,0,0,0,0
20201220,true,113,682,0,0,0,0,7100,42900,0,0,0,0
20201221,true,113,682,0,0,0,0,7100,42900,0,0,0,0
20201222,true,113,682,0,0,0,0,7100,42900,0,0,0,0
