date,projected,deaths,deathsPerMillion,deathIncrease,deathIncreaseAverage,deathIncreasePerMillion,deathIncreaseAveragePerMillion,positive,positivePerMillion,positiveIncrease,positiveIncreaseAverage,positiveIncreasePerMillion,positiveIncreaseAveragePerMillion
20200306,false,0,0,0,0,0,0,0,0,0,0,0,0
20200307,false,0,0,0,0,0,0,0,0,0,0,0,0
20200308,false,0,0,0,0,0,0,0,0,0,0,0,0
20200309,false,0,0,0,0,0,0,3,1,3,3,1,1
20200310,false,0,0,0,0,0,0,8,3,5,5,2,2
20200311,false,0,0,0,0,0,0,13,4,5,5,2,2
20200312,false,0,0,0,0,0,0,14,4,1,1,0,0
20200313,false,0,0,0,0,0,0,16,5,2,2,1,1
20200314,false,0,0,0,0,0,0,17,5,1,2,0,1
20200315,false,0,0,0,0,0,0,18,6,1,2,0,1
20200316,false,0,0,0,0,0,0,22,7,4,3,1,1
20200317,false,0,0,0,0,0,0,23,7,1,3,0,1
20200318,false,0,0,0,0,0,0,29,9,6,2,2,1
20200319,false,0,0,0,0,0,0,38,12,9,2,3,1
20200320,false,0,0,0,0,0,0,45,14,7,3,2,1
20200321,false,0,0,0,0,0,0,68,22,23,4,7,1
20200322,false,0,0,0,0,0,0,90,29,22,7,7,2
20200323,false,0,0,0,0,0,0,105,33,15,10,5,3
20200324,false,0,0,0,0,0,0,124,39,19,12,6,4
20200325,false,1,0,1,0,0,0,145,46,21,14,7,4
20200326,false,1,0,0,0,0,0,179,57,34,17,11,5
20200327,false,3,1,2,0,1,0,235,74,56,20,18,6
20200328,false,3,1,0,0,0,0,298,94,63,27,20,9
20200329,false,4,1,1,0,0,0,336,106,38,33,12,10
20200330,false,6,2,2,1,1,0,424,134,88,35,28,11
20200331,false,7,2,1,1,0,0,497,158,73,46,23,15
20200401,false,9,3,2,1,1,0,549,174,52,53,16,17
20200402,false,11,3,2,1,1,0,614,195,65,58,21,18
20200403,false,11,3,0,1,0,0,699,222,85,62,27,20
20200404,false,14,4,3,1,1,0,786,249,87,66,28,21
20200405,false,22,7,8,2,3,1,868,275,82,70,26,22
20200406,false,25,8,3,3,1,1,946,300,78,76,25,24
20200407,false,26,8,1,3,0,1,1048,332,102,75,32,24
20200408,false,27,9,1,3,0,1,1145,363,97,79,31,25
20200409,false,29,9,2,3,1,1,1270,403,125,85,40,27
20200410,false,31,10,2,3,1,1,1388,440,118,94,37,30
20200411,false,34,11,3,3,1,1,1510,479,122,98,39,31
20200412,false,41,13,7,3,2,1,1587,503,77,103,24,33
20200413,false,43,14,2,3,1,1,1710,542,123,103,39,33
20200414,false,49,16,6,3,2,1,1899,602,189,109,60,35
20200415,false,53,17,4,3,1,1,1995,632,96,122,30,39
20200416,false,60,19,7,4,2,1,2141,679,146,121,46,38
20200417,false,64,20,4,4,1,1,2332,739,191,124,61,39
20200418,false,74,23,10,5,3,2,2513,796,181,135,57,43
20200419,false,75,24,1,6,0,2,2902,920,389,143,123,45
20200420,false,79,25,4,5,1,2,3159,1001,257,188,81,60
20200421,false,83,26,4,5,1,2,3641,1154,482,207,153,66
20200422,false,90,29,7,5,2,2,3748,1188,107,249,34,79
20200423,false,96,30,6,5,2,2,3924,1244,176,250,56,79
20200424,false,107,34,11,5,3,2,4445,1409,521,255,165,81
20200425,false,112,35,5,6,2,2,5092,1614,647,302,205,96
20200426,false,118,37,6,5,2,2,5476,1736,384,368,122,117
20200427,false,127,40,9,6,3,2,5868,1860,392,368,124,117
20200428,false,136,43,9,7,3,2,6376,2021,508,387,161,123
20200429,false,148,47,12,8,4,3,6843,2169,467,391,148,124
20200430,false,162,51,14,8,4,3,7145,2265,302,442,96,140
20200501,false,170,54,8,9,3,3,7884,2499,739,460,234,146
20200502,false,175,55,5,9,2,3,8641,2739,757,491,240,156
20200503,false,184,58,9,9,3,3,9169,2906,528,507,167,161
20200504,false,188,60,4,9,1,3,9703,3075,534,528,169,167
20200505,false,207,66,19,9,6,3,10111,3205,408,548,129,174
20200506,false,219,69,12,10,4,3,10404,3298,293,534,93,169
20200507,false,231,73,12,10,4,3,11059,3505,655,509,208,161
20200508,false,243,77,12,10,4,3,11457,3631,398,559,126,177
20200509,false,252,80,9,10,3,3,11671,3699,214,510,68,162
20200510,false,265,84,13,11,4,3,11959,3790,288,433,91,137
20200511,false,271,86,6,12,2,4,12373,3922,414,399,131,126
20200512,false,289,92,18,12,6,4,12912,4092,539,381,171,121
20200513,false,306,97,17,12,5,4,13289,4212,377,400,119,127
20200514,false,318,101,12,12,4,4,13675,4334,386,412,122,131
20200515,false,336,106,18,12,6,4,14049,4453,374,374,119,119
20200516,false,346,110,10,13,3,4,14328,4541,279,370,88,117
20200517,false,351,111,5,13,2,4,14651,4644,323,380,102,120
20200518,false,355,113,4,12,1,4,14955,4740,304,385,96,122
20200519,false,372,118,17,12,5,4,15349,4865,394,369,125,117
20200520,false,388,123,16,12,5,4,15614,4949,265,348,84,110
20200521,false,406,129,18,12,6,4,16170,5125,556,332,176,105
20200522,false,425,135,19,13,6,4,16504,5231,334,356,106,113
20200523,false,444,141,19,13,6,4,16893,5354,389,351,123,111
20200524,false,454,144,10,14,3,4,17252,5468,359,366,114,116
20200525,false,459,145,5,15,2,5,17577,5571,325,372,103,118
20200526,false,478,152,19,15,6,5,17703,5611,126,375,40,119
20200527,false,491,156,13,15,4,5,18360,5819,657,336,208,106
20200528,false,504,160,13,15,4,5,18573,5887,213,392,68,124
20200529,false,522,165,18,14,6,4,18926,5999,353,343,112,109
20200530,false,531,168,9,14,3,4,19244,6099,318,346,101,110
20200531,false,534,169,3,12,1,4,19552,6197,308,336,98,106
20200601,false,551,175,17,11,5,3,19697,6243,145,329,46,104
20200602,false,561,178,10,13,3,4,20016,6344,319,303,101,96
20200603,false,574,182,13,12,4,4,20055,6356,39,330,12,105
20200604,false,580,184,6,12,2,4,20805,6594,750,242,238,77
20200605,false,592,188,12,11,4,3,21152,6704,347,319,110,101
20200606,false,598,190,6,10,2,3,21478,6807,326,318,103,101
20200607,false,604,191,6,10,2,3,21667,6867,189,319,60,101
20200608,false,612,194,8,10,3,3,21987,6969,320,302,101,96
20200609,false,624,198,12,9,4,3,22236,7048,249,327,79,104
20200610,false,630,200,6,9,2,3,22551,7148,315,317,100,100
20200611,false,639,203,9,8,3,3,22938,7270,387,357,123,113
20200612,false,643,204,4,8,1,3,23337,7397,399,305,126,97
20200613,false,650,206,7,7,2,2,23717,7517,380,312,120,99
20200614,false,652,207,2,7,1,2,23926,7583,209,320,66,101
20200615,false,655,208,3,7,1,2,24053,7624,127,323,40,102
20200616,false,669,212,14,6,4,2,24179,7664,126,295,40,94
20200617,false,673,213,4,6,1,2,24461,7753,282,278,89,88
20200618,false,679,215,6,6,2,2,24854,7877,393,273,125,87
20200619,false,681,216,2,6,1,2,25275,8011,421,274,133,87
20200620,false,681,216,0,5,0,2,25496,8081,221,277,70,88
20200621,false,685,217,4,4,1,1,25963,8229,467,254,148,81
20200622,false,686,217,1,5,0,2,26051,8257,88,291,28,92
20200623,false,688,218,2,4,1,1,26373,8359,322,285,102,90
20200624,false,692,219,4,3,1,1,26705,8464,332,313,105,99
20200625,false,695,220,3,3,1,1,27197,8620,492,321,156,102
20200626,false,704,223,9,2,3,1,27686,8775,489,335,155,106
20200627,false,704,223,0,3,0,1,28012,8878,326,344,103,109
20200628,false,705,223,1,3,0,1,28489,9030,477,359,151,114
20200629,false,708,224,3,3,1,1,28782,9122,293,361,93,114
20200630,false,715,227,7,3,2,1,29007,9194,225,390,71,124
20200701,false,717,227,2,4,1,1,29451,9334,444,376,141,119
20200702,false,718,228,1,4,0,1,30209,9575,758,392,240,124
20200703,false,720,228,2,3,1,1,30429,9644,220,430,70,136
20200704,false,721,229,1,2,0,1,31041,9838,612,392,194,124
20200705,false,721,229,0,2,0,1,31353,9937,312,433,99,137
20200706,false,723,229,2,2,1,1,31657,10034,304,409,96,130
20200707,false,725,230,2,2,1,1,32029,10152,372,411,118,130
20200708,false,735,233,10,1,3,0,32509,10304,480,432,152,137
20200709,false,739,234,4,3,1,1,33240,10535,731,437,232,139
20200710,false,743,235,4,3,1,1,33984,10771,744,433,236,137
20200711,false,748,237,5,3,2,1,34647,10981,663,508,210,161
20200712,false,750,238,2,4,1,1,35071,11116,424,515,134,163
20200713,false,754,239,4,4,1,1,35529,11261,458,531,145,168
20200714,false,757,240,3,4,1,1,35849,11362,320,553,101,175
20200715,false,762,242,5,5,2,2,36291,11502,442,546,140,173
20200716,false,778,247,16,4,5,1,37132,11769,841,540,267,171
20200717,false,784,248,6,6,2,2,37722,11956,590,556,187,176
20200718,false,787,249,3,6,1,2,37907,12015,185,534,59,169
20200719,false,794,252,7,6,2,2,38723,12273,816,466,259,148
20200720,false,797,253,3,6,1,2,39166,12414,443,522,140,165
20200721,false,802,254,5,6,2,2,39474,12511,308,520,98,165
20200722,false,808,256,6,6,2,2,39793,12612,319,518,101,164
20200723,false,818,259,10,7,3,2,40634,12879,841,500,267,158
20200724,false,823,261,5,6,2,2,41271,13081,637,500,202,158
20200725,false,826,262,3,6,1,2,41671,13208,400,507,127,161
20200726,false,827,262,1,6,0,2,42200,13375,529,538,168,171
20200727,false,833,264,6,5,2,2,42554,13487,354,497,112,158
20200728,false,839,266,6,5,2,2,42777,13558,223,484,71,153
20200729,false,846,268,7,5,2,2,43277,13717,500,472,158,150
20200730,false,857,272,11,5,3,2,44038,13958,761,498,241,158
20200731,false,867,275,10,6,3,2,44582,14130,544,486,172,154
20200801,false,872,276,5,6,2,2,44976,14255,394,473,125,150
20200802,false,876,278,4,7,1,2,45492,14419,516,472,164,150
20200803,false,882,280,6,7,2,2,45841,14529,349,470,111,149
20200804,false,888,281,6,7,2,2,46042,14593,201,470,64,149
20200805,false,899,285,11,7,3,2,46659,14789,617,466,196,148
20200806,false,908,288,9,8,3,3,47361,15011,702,483,222,153
20200807,false,913,289,5,7,2,2,47865,15171,504,475,160,151
20200808,false,925,293,12,7,4,2,48283,15303,418,469,132,149
20200809,false,930,295,5,8,2,3,48789,15464,506,472,160,150
20200810,false,933,296,3,8,1,3,49071,15553,282,471,89,149
20200811,false,940,298,7,7,2,2,49329,15635,258,461,82,146
20200812,false,951,301,11,7,3,2,49806,15786,477,470,151,149
20200813,false,959,304,8,7,3,2,50336,15954,530,450,168,143
20200814,false,966,306,7,7,2,2,50932,16143,596,425,189,135
20200815,false,973,308,7,8,2,3,51793,16416,861,438,273,139
20200816,false,975,309,2,7,1,2,52428,16617,635,501,201,159
20200817,false,981,311,6,6,2,2,52722,16710,294,520,93,165
20200818,false,989,313,8,7,3,2,52951,16783,229,522,73,165
20200819,false,1006,319,17,7,5,2,53288,16890,337,517,107,164
20200820,false,1014,321,8,8,3,3,54015,17120,727,497,230,158
20200821,false,1021,324,7,8,2,3,55006,17434,991,526,314,167
20200822,false,1031,327,10,8,3,3,55735,17665,729,582,231,184
20200823,false,1036,328,5,8,2,3,56275,17836,540,563,171,178
20200824,false,1044,331,8,9,3,3,56633,17950,358,550,113,174
20200825,false,1052,333,8,9,3,3,57294,18159,661,559,210,177
20200826,false,1067,338,15,9,5,3,58235,18458,941,620,298,197
20200827,false,1083,343,16,9,5,3,59786,18949,1551,707,492,224
20200828,false,1095,347,12,10,4,3,60971,19325,1185,824,376,261
20200829,false,1108,351,13,11,4,3,61749,19571,778,852,247,270
20200830,false,1113,353,5,11,2,3,62720,19879,971,859,308,272
20200831,false,1116,354,3,11,1,3,63328,20072,608,921,193,292
20200901,false,1123,356,7,10,2,3,63919,20259,591,956,187,303
20200902,false,1126,357,3,10,1,3,64645,20489,726,946,230,300
20200903,false,1135,360,9,8,3,3,65523,20768,878,916,278,290
20200904,false,1141,362,6,7,2,2,66614,21113,1091,820,346,260
20200905,false,1161,368,20,7,6,2,67642,21439,1028,806,326,255
20200906,false,1165,369,4,8,1,3,68291,21645,649,842,206,267
20200907,false,1168,370,3,7,1,2,68684,21769,393,796,125,252
20200908,false,1180,374,12,7,4,2,69139,21914,455,765,144,242
20200909,false,1194,378,14,8,4,3,69503,22029,364,746,115,236
20200910,false,1207,383,13,10,4,3,70405,22315,902,694,286,220
20200911,false,1211,384,4,10,1,3,71133,22546,728,697,231,221
20200912,false,1217,386,6,10,2,3,71706,22727,573,646,182,205
20200913,false,1218,386,1,8,0,3,72490,22976,784,581,248,184
20200914,false,1224,388,6,8,2,3,72876,23098,386,600,122,190
20200915,false,1234,391,10,8,3,3,73277,23225,401,599,127,190
20200916,false,1237,392,3,8,1,3,74080,23480,803,591,255,187
20200917,false,1251,397,14,6,4,2,75028,23780,948,654,300,207
20200918,false,1260,399,9,6,3,2,76211,24155,1183,660,375,209
20200919,false,1264,401,4,7,1,2,77058,24424,847,725,268,230
20200920,false,1265,401,1,7,0,2,77679,24620,621,765,197,242
20200921,false,1274,404,9,7,3,2,78339,24830,660,741,209,235
20200922,false,1286,408,12,7,4,2,78887,25003,548,780,174,247
20200923,false,1294,410,8,7,3,2,79923,25332,1036,801,328,254
20200924,false,1302,413,8,8,3,3,81071,25695,1148,835,364,265
20200925,false,1307,414,5,7,2,2,82045,26004,974,863,309,274
20200926,false,1311,416,4,7,1,2,82944,26289,899,833,285,264
20200927,false,1314,416,3,7,1,2,83636,26508,692,841,219,267
20200928,false,1320,418,6,7,2,2,84002,26624,366,851,116,270
20200929,false,1328,421,8,7,3,2,84476,26775,474,809,150,256
20200930,false,1344,426,16,6,5,2,85596,27130,1120,798,355,253
20201001,false,1360,431,16,7,5,2,86634,27459,1038,810,329,257
20201002,false,1372,435,12,8,4,3,87559,27752,925,795,293,252
20201003,false,1377,436,5,9,2,3,88470,28041,911,788,289,250
20201004,false,1382,438,5,9,2,3,89096,28239,626,789,198,250
20201005,false,1389,440,7,10,2,3,89460,28354,364,780,115,247
20201006,false,1400,444,11,10,3,3,89934,28505,474,780,150,247
20201007,false,1415,448,15,10,5,3,90884,28806,950,780,301,247
20201008,false,1421,450,6,10,2,3,92145,29205,1261,755,400,239
20201009,false,1437,455,16,9,5,3,93187,29536,1042,787,330,249
20201010,false,1455,461,18,9,6,3,94271,29879,1084,804,344,255
20201011,false,1460,463,5,11,2,3,95346,30220,1075,829,341,263
20201012,false,1472,467,12,11,4,3,95809,30367,463,893,147,283
20201013,false,1485,471,13,12,4,4,96338,30534,529,907,168,287
20201014,false,1497,474,12,12,4,4,97384,30866,1046,915,332,290
20201015,false,1506,477,9,12,3,4,98717,31288,1333,929,422,294
20201016,false,1523,483,17,12,5,4,99946,31678,1229,939,390,298
20201017,false,1527,484,4,12,1,4,101103,32045,1157,966,367,306
20201018,false,1528,484,1,10,0,3,101960,32316,857,976,272,309
20201019,false,1538,487,10,10,3,3,102517,32493,557,945,177,300
20201020,false,1555,493,17,9,5,3,103011,32649,494,958,157,304
20201021,false,1584,502,29,10,9,3,104190,33023,1179,953,374,302
20201022,false,1601,507,17,12,5,4,105625,33478,1435,972,455,308
20201023,false,1620,513,19,14,6,4,106874,33874,1249,987,396,313
20201024,false,1631,517,11,14,3,4,108514,34394,1640,990,520,314
20201025,false,1634,518,3,15,1,5,109657,34756,1143,1059,362,336
20201026,false,1648,522,14,15,4,5,110404,34993,747,1100,237,349
20201027,false,1661,526,13,16,4,5,111261,35264,857,1127,272,357
20201028,false,1682,533,21,15,7,5,113042,35829,1781,1179,564,374
20201029,false,1693,537,11,14,3,4,114982,36444,1940,1265,615,401
20201030,false,1706,541,13,13,4,4,117185,37142,2203,1337,698,424
20201031,false,1716,544,10,12,3,4,119755,37956,2570,1473,815,467
20201101,false,1717,544,1,12,0,4,121967,38657,2212,1606,701,509
20201102,false,1741,552,24,12,8,4,123372,39103,1405,1759,445,558
20201103,false,1763,559,22,13,7,4,124464,39449,1092,1853,346,587
20201104,false,1787,566,24,15,8,5,126740,40170,2276,1886,721,598
20201105,false,1802,571,15,15,5,5,130732,41436,3992,1957,1265,620
20201106,false,1818,576,16,16,5,5,133510,42316,2778,2250,880,713
20201107,false,1829,580,11,16,3,5,137228,43494,3718,2332,1178,739
20201108,false,1842,584,13,16,4,5,140541,44544,3313,2496,1050,791
20201109,false,1849,586,7,18,2,6,144922,45933,4381,2653,1389,841
20201110,false,1874,594,25,15,8,5,147656,46800,2734,3079,867,976
20201111,false,1899,602,25,16,8,5,151953,48162,4297,3313,1362,1050
20201112,false,1930,612,31,16,10,5,155603,49318,3650,3602,1157,1142
20201113,false,1948,617,18,18,6,6,159635,50596,4032,3553,1278,1126
20201114,false,1972,625,24,19,8,6,163728,51894,4093,3732,1297,1183
20201115,false,1985,629,13,20,4,6,167282,53020,3554,3786,1126,1200
20201116,false,1991,631,6,20,2,6,169353,53676,2071,3820,656,1211
20201117,false,2027,642,36,20,11,6,171545,54371,2192,3490,695,1106
20201118,false,2066,655,39,22,12,7,174839,55415,3294,3413,1044,1082
20201119,false,2106,667,40,24,13,8,178313,56516,3474,3269,1101,1036
20201120,false,2133,676,27,25,9,8,181790,57618,3477,3244,1102,1028
20201121,false,2160,685,27,26,9,8,184968,58626,3178,3165,1007,1003
20201122,false,2192,695,32,27,10,9,187505,59430,2537,3034,804,962
20201123,false,2206,699,14,30,4,10,189856,60175,2351,2889,745,916
20201124,false,2226,706,20,31,6,10,191152,60586,1296,2929,411,928
20201125,false,2271,720,45,28,14,9,194395,61614,3243,2801,1028,888
20201126,false,2312,733,41,29,13,9,197086,62466,2691,2794,853,886
20201127,false,2352,745,40,29,13,9,198222,62826,1136,2682,360,850
20201128,false,2360,748,8,31,3,10,199683,63290,1461,2347,463,744
20201129,false,2367,750,7,29,2,9,201267,63792,1584,2102,502,666
20201130,false,2403,762,36,25,11,8,202410,64154,1143,1966,362,623
20201201,false,2431,771,28,28,9,9,203398,64467,988,1793,313,568
20201202,false,2449,776,18,29,6,9,205773,65220,2375,1749,753,554
20201203,false,2522,799,73,25,23,8,207969,65916,2196,1625,696,515
20201204,false,2605,826,83,30,26,10,210236,66634,2267,1555,719,493
20201205,false,2667,845,62,36,20,11,211891,67159,1655,1716,525,544
20201206,false,2683,850,16,44,5,14,213390,67634,1499,1744,475,553
20201207,false,2718,861,35,45,11,14,214067,67849,677,1732,215,549
20201208,false,2919,925,201,45,64,14,214897,68112,830,1665,263,528
20201209,false,3021,958,102,70,32,22,216694,68681,1797,1643,570,521
20201210,false,3120,989,99,82,31,26,218377,69215,1683,1560,533,494
20201211,false,3197,1013,77,85,24,27,219914,69702,1537,1487,487,471
20201212,false,3212,1018,15,85,5,27,221159,70096,1245,1383,395,438
20201213,false,3213,1018,1,78,0,25,222148,70410,989,1324,313,420
20201214,false,3273,1037,60,76,19,24,222785,70612,637,1251,202,397
20201215,false,3340,1059,67,79,21,25,223511,70842,726,1245,230,395
20201216,false,3354,1063,14,60,4,19,225050,71330,1539,1231,488,390
20201217,true,3450,1090,92,92,29,29,226000,71700,1210,1210,385,385
20201218,true,3540,1120,96,96,30,30,227000,72100,1180,1180,372,372
20201219,true,3640,1150,100,100,32,32,229000,72400,1140,1140,360,360
20201220,true,3750,1190,104,104,33,33,230000,72800,1100,1100,347,347
20201221,true,3860,1220,109,109,34,34,231000,73100,1060,1060,335,335
20201222,true,3970,1260,113,113,36,36,232000,73500,1020,1020,322,322
20201223,true,4080,1290,117,117,37,37,233000,73800,977,977,310,310
20201224,true,4210,1330,121,121,38,38,234000,74100,937,937,297,297
20201225,true,4330,1370,126,126,40,40,235000,74300,898,898,285,285
20201226,true,4460,1410,130,130,41,41,235000,74600,858,858,272,272
20201227,true,4600,1460,134,134,42,42,236000,74900,818,818,259,259
20201228,true,4730,1500,138,138,44,44,237000,75100,779,779,247,247
20201229,true,4880,1550,142,142,45,45,238000,75400,739,739,234,234
20201230,true,5020,1590,147,147,47,47,238000,75600,700,700,222,222
