date,projected,deaths,deathsPerMillion,deathIncrease,deathIncreaseAverage,deathIncreasePerMillion,deathIncreaseAveragePerMillion,positive,positivePerMillion,positiveIncrease,positiveIncreaseAverage,positiveIncreasePerMillion,positiveIncreaseAveragePerMillion
20200307,false,0,0,0,0,0,0,0,0,0,0,0,0
20200308,false,0,0,0,0,0,0,0,0,0,0,0,0
20200309,false,0,0,0,0,0,0,0,0,0,0,0,0
20200310,false,0,0,0,0,0,0,0,0,0,0,0,0
20200311,false,0,0,0,0,0,0,0,0,0,0,0,0
20200312,false,0,0,0,0,0,0,0,0,0,0,0,0
20200313,false,0,0,0,0,0,0,0,0,0,0,0,0
20200314,false,0,0,0,0,0,0,2,1,2,2,1,1
20200315,false,0,0,0,0,0,0,5,3,3,0,2,0
20200316,false,0,0,0,0,0,0,5,3,0,1,0,1
20200317,false,0,0,0,0,0,0,7,4,2,1,1,1
20200318,false,0,0,0,0,0,0,9,5,2,1,1,1
20200319,false,0,0,0,0,0,0,11,6,2,1,1,1
20200320,false,0,0,0,0,0,0,23,13,12,2,7,1
20200321,false,0,0,0,0,0,0,31,17,8,3,4,2
20200322,false,0,0,0,0,0,0,42,23,11,4,6,2
20200323,false,0,0,0,0,0,0,47,26,5,5,3,3
20200324,false,0,0,0,0,0,0,50,28,3,6,2,3
20200325,false,0,0,0,0,0,0,73,41,23,6,13,3
20200326,false,0,0,0,0,0,0,123,69,50,9,28,5
20200327,false,3,2,3,0,2,0,189,105,66,16,37,9
20200328,false,4,2,1,0,1,0,230,128,41,24,23,13
20200329,false,5,3,1,1,1,1,261,146,31,28,17,16
20200330,false,6,3,1,1,1,1,310,173,49,31,27,17
20200331,false,7,4,1,1,1,1,415,232,105,38,59,21
20200401,false,9,5,2,1,1,1,525,293,110,52,61,29
20200402,false,9,5,0,1,0,1,669,373,144,65,80,36
20200403,false,9,5,0,1,0,1,891,497,222,78,124,44
20200404,false,10,6,1,1,1,1,1013,565,122,100,68,56
20200405,false,10,6,0,1,0,1,1077,601,64,112,36,62
20200406,false,10,6,0,1,0,1,1101,614,24,117,13,65
20200407,false,13,7,3,1,2,1,1170,653,69,113,39,63
20200408,false,15,8,2,1,1,1,1210,675,40,108,22,60
20200409,false,18,10,3,1,2,1,1232,687,22,98,12,55
20200410,false,24,13,6,1,3,1,1353,755,121,80,68,45
20200411,false,25,14,1,2,1,1,1396,779,43,66,24,37
20200412,false,27,15,2,2,1,1,1407,785,11,55,6,31
20200413,false,27,15,0,2,0,1,1426,796,19,47,11,26
20200414,false,33,18,6,2,3,1,1453,811,27,46,15,26
20200415,false,39,22,6,3,3,2,1464,817,11,40,6,22
20200416,false,41,23,2,3,1,2,1587,886,123,36,69,20
20200417,false,41,23,0,3,0,2,1609,898,22,51,12,28
20200418,false,43,24,2,2,1,1,1655,924,46,37,26,21
20200419,false,44,25,1,3,1,2,1668,931,13,37,7,21
20200420,false,45,25,1,2,1,1,1672,933,4,37,2,21
20200421,false,48,27,3,3,2,2,1736,969,64,35,36,20
20200422,false,51,28,3,2,2,1,1766,985,30,40,17,22
20200423,false,54,30,3,2,2,1,1802,1006,36,43,20,24
20200424,false,54,30,0,2,0,1,1836,1025,34,31,19,17
20200425,false,54,30,0,2,0,1,1870,1043,34,32,19,18
20200426,false,56,31,2,2,1,1,1887,1053,17,31,9,17
20200427,false,56,31,0,2,0,1,1897,1059,10,31,6,17
20200428,false,58,32,2,2,1,1,1917,1070,20,32,11,18
20200429,false,60,33,2,1,1,1,1952,1089,35,26,20,15
20200430,false,60,33,0,1,0,1,1984,1107,32,27,18,15
20200501,false,63,35,3,1,2,1,2015,1124,31,26,17,15
20200502,false,63,35,0,1,0,1,2035,1136,20,26,11,15
20200503,false,63,35,0,1,0,1,2061,1150,26,24,15,13
20200504,false,64,36,1,1,1,1,2061,1150,0,25,0,14
20200505,false,64,36,0,1,0,1,2106,1175,45,23,25,13
20200506,false,65,36,1,1,1,1,2127,1187,21,27,12,15
20200507,false,66,37,1,1,1,1,2158,1204,31,25,17,14
20200508,false,67,37,1,1,1,1,2178,1215,20,25,11,14
20200509,false,67,37,0,1,0,1,2205,1230,27,23,15,13
20200510,false,67,37,0,1,0,1,2230,1244,25,24,14,13
20200511,false,67,37,0,1,0,1,2230,1244,0,24,0,13
20200512,false,70,39,3,0,2,0,2260,1261,30,24,17,13
20200513,false,69,39,-1,1,-1,1,2293,1280,33,22,18,12
20200514,false,69,39,0,1,0,1,2324,1297,31,24,17,13
20200515,false,72,40,3,0,2,0,2351,1312,27,24,15,13
20200516,false,73,41,1,1,1,1,2389,1333,38,25,21,14
20200517,false,73,41,0,1,0,1,2419,1350,30,26,17,15
20200518,false,73,41,0,1,0,1,2419,1350,0,27,0,15
20200519,false,74,41,1,1,1,1,2455,1370,36,27,20,15
20200520,false,77,43,3,1,2,1,2476,1382,21,28,12,16
20200521,false,77,43,0,1,0,1,2506,1398,30,26,17,15
20200522,false,77,43,0,1,0,1,2534,1414,28,26,16,15
20200523,false,79,44,2,1,1,1,2595,1448,61,26,34,15
20200524,false,79,44,0,1,0,1,2626,1465,31,29,17,16
20200525,false,79,44,0,1,0,1,2626,1465,0,30,0,17
20200526,false,79,44,0,1,0,1,2626,1465,0,30,0,17
20200527,false,81,45,2,1,1,1,2699,1506,73,24,41,13
20200528,false,82,46,1,1,1,1,2731,1524,32,32,18,18
20200529,false,82,46,0,1,0,1,2769,1545,38,32,21,18
20200530,false,82,46,0,1,0,1,2803,1564,34,34,19,19
20200531,false,82,46,0,0,0,0,2839,1584,36,30,20,17
20200601,false,82,46,0,0,0,0,2839,1584,0,30,0,17
20200602,false,83,46,1,0,1,0,2906,1622,67,30,37,17
20200603,false,83,46,0,1,0,1,2933,1637,27,40,15,22
20200604,false,83,46,0,0,0,0,2990,1668,57,33,32,18
20200605,false,83,46,0,0,0,0,3054,1704,64,37,36,21
20200606,false,83,46,0,0,0,0,3111,1736,57,41,32,23
20200607,false,83,46,0,0,0,0,3139,1752,28,44,16,25
20200608,false,83,46,0,0,0,0,3139,1752,0,43,0,24
20200609,false,83,46,0,0,0,0,3189,1780,50,43,28,24
20200610,false,85,47,2,0,1,0,3220,1797,31,40,17,22
20200611,false,85,47,0,0,0,0,3260,1819,40,41,22,23
20200612,false,86,48,1,0,1,0,3302,1843,42,39,23,22
20200613,false,87,49,1,0,1,0,3353,1871,51,35,28,20
20200614,false,87,49,0,1,0,1,3399,1897,46,35,26,20
20200615,false,87,49,0,1,0,1,3399,1897,0,37,0,21
20200616,false,88,49,1,1,1,1,3462,1932,63,37,35,21
20200617,false,88,49,0,1,0,1,3540,1975,78,39,44,22
20200618,false,88,49,0,0,0,0,3632,2027,92,46,51,26
20200619,false,89,50,1,0,1,0,3743,2089,111,53,62,30
20200620,false,89,50,0,0,0,0,3871,2160,128,63,71,35
20200621,false,89,50,0,0,0,0,4006,2235,135,74,75,41
20200622,false,89,50,0,0,0,0,4006,2235,0,87,0,49
20200623,false,89,50,0,0,0,0,4254,2374,248,87,138,49
20200624,false,89,50,0,0,0,0,4402,2456,148,113,83,63
20200625,false,90,50,1,0,1,0,4645,2592,243,123,136,69
20200626,false,90,50,0,0,0,0,4865,2715,220,145,123,81
20200627,false,90,50,0,0,0,0,5148,2873,283,160,158,89
20200628,false,91,51,1,0,1,0,5319,2968,171,182,95,102
20200629,false,91,51,0,0,0,0,5319,2968,0,188,0,105
20200630,false,91,51,0,0,0,0,5752,3210,433,188,242,105
20200701,false,92,51,1,0,1,0,6117,3413,365,214,204,119
20200702,false,92,51,0,0,0,0,6370,3555,253,245,141,137
20200703,false,92,51,0,0,0,0,6593,3679,223,246,124,137
20200704,false,93,52,1,0,1,0,6994,3903,401,247,224,138
20200705,false,93,52,0,0,0,0,7370,4113,376,264,210,147
20200706,false,93,52,0,0,0,0,7733,4315,363,293,203,163
20200707,false,94,52,1,0,1,0,8052,4493,319,345,178,193
20200708,false,94,52,0,0,0,0,8539,4765,487,329,272,184
20200709,false,98,55,4,0,2,0,8969,5005,430,346,240,193
20200710,false,100,56,2,1,1,1,9428,5261,459,371,256,207
20200711,false,101,56,1,1,1,1,9928,5540,500,405,279,226
20200712,false,102,57,1,1,1,1,10505,5862,577,419,322,234
20200713,false,102,57,0,1,0,1,10902,6083,397,448,222,250
20200714,false,102,57,0,1,0,1,11402,6362,500,453,279,253
20200715,false,103,57,1,1,1,1,11718,6539,316,479,176,267
20200716,false,110,61,7,1,4,1,12445,6945,727,454,406,253
20200717,false,114,64,4,2,2,1,13133,7328,688,497,384,277
20200718,false,118,66,4,2,2,1,13752,7674,619,529,345,295
20200719,false,119,66,1,2,1,1,14302,7981,550,546,307,305
20200720,false,119,66,0,2,0,1,14873,8299,571,542,319,302
20200721,false,122,68,3,2,2,1,15266,8519,393,567,219,316
20200722,false,126,70,4,3,2,2,15822,8829,556,552,310,308
20200723,false,135,75,9,3,5,2,16322,9108,500,586,279,327
20200724,false,138,77,3,4,2,2,16736,9339,414,554,231,309
20200725,false,144,80,6,3,3,2,17264,9634,528,515,295,287
20200726,false,146,81,2,4,1,2,17827,9948,563,502,314,280
20200727,false,146,81,0,4,0,2,18177,10143,350,504,195,281
20200728,false,152,85,6,4,3,2,18694,10432,517,472,288,263
20200729,false,160,89,8,4,4,2,19222,10726,528,490,295,273
20200730,false,173,97,13,5,7,3,19679,10981,457,486,255,271
20200731,false,177,99,4,5,2,3,20246,11298,567,480,316,268
20200801,false,189,105,12,6,7,3,20721,11563,475,501,265,280
20200802,false,197,110,8,6,4,3,21114,11782,393,494,219,276
20200803,false,197,110,0,7,0,4,21344,11910,230,470,128,262
20200804,false,200,112,3,7,2,4,21675,12095,331,452,185,252
20200805,false,210,117,10,7,6,4,22234,12407,559,426,312,238
20200806,false,217,121,7,7,4,4,22707,12671,473,430,264,240
20200807,false,223,124,6,6,3,3,23399,13057,692,433,386,242
20200808,false,229,128,6,7,3,4,23922,13349,523,450,292,251
20200809,false,235,131,6,6,3,3,24495,13669,573,457,320,255
20200810,false,237,132,2,5,1,3,24671,13767,176,483,98,270
20200811,false,239,133,2,6,1,3,25100,14006,429,475,239,265
20200812,false,246,137,7,6,4,3,25595,14282,495,489,276,273
20200813,false,246,137,0,5,0,3,26133,14583,538,480,300,268
20200814,false,251,140,5,4,3,2,26631,14861,498,489,278,273
20200815,false,265,148,14,4,8,2,27173,15163,542,462,302,258
20200816,false,269,150,4,5,2,3,27477,15333,304,464,170,259
20200817,false,269,150,0,5,0,3,27660,15435,183,426,102,238
20200818,false,273,152,4,5,2,3,27942,15592,282,427,157,238
20200819,false,282,157,9,5,5,3,28326,15806,384,406,214,227
20200820,false,291,162,9,5,5,3,28696,16013,370,390,206,218
20200821,false,298,166,7,6,4,3,29120,16249,424,366,237,204
20200822,false,304,170,6,7,3,4,29369,16388,249,356,139,199
20200823,false,306,171,2,6,1,3,29662,16552,293,314,163,175
20200824,false,307,171,1,5,1,3,29853,16658,191,312,107,174
20200825,false,314,175,7,5,4,3,30070,16780,217,313,121,175
20200826,false,326,182,12,6,7,3,30475,17006,405,304,226,170
20200827,false,337,188,11,6,6,3,30780,17176,305,307,170,171
20200828,false,343,191,6,7,3,4,31122,17367,342,298,191,166
20200829,false,353,197,10,6,6,3,31384,17513,262,286,146,160
20200830,false,358,200,5,7,3,4,31677,17676,293,288,163,161
20200831,false,359,200,1,7,1,4,31867,17782,190,288,106,161
20200901,false,361,201,2,7,1,4,32088,17906,221,288,123,161
20200902,false,368,205,7,7,4,4,32368,18062,280,288,156,161
20200903,false,372,208,4,6,2,3,32664,18227,296,270,165,151
20200904,false,372,208,0,5,0,3,32927,18374,263,269,147,150
20200905,false,382,213,10,4,6,2,33196,18524,269,258,150,144
20200906,false,384,214,2,4,1,2,33477,18681,281,259,157,145
20200907,false,385,215,1,4,1,2,33667,18787,190,257,106,143
20200908,false,385,215,0,4,0,2,33741,18828,74,257,41,143
20200909,false,389,217,4,3,2,2,33981,18962,240,236,134,132
20200910,false,406,227,17,3,9,2,34310,19146,329,230,184,128
20200911,false,407,227,1,5,1,3,34617,19317,307,235,171,131
20200912,false,412,230,5,5,3,3,34950,19503,333,241,186,134
20200913,false,415,232,3,4,2,2,35167,19624,217,251,121,140
20200914,false,415,232,0,4,0,2,35279,19686,112,241,62,134
20200915,false,419,234,4,4,2,2,35532,19827,253,230,141,128
20200916,false,423,236,4,5,2,3,35810,19983,278,256,155,143
20200917,false,429,239,6,5,3,3,36093,20140,283,261,158,146
20200918,false,434,242,5,3,3,2,36489,20361,396,255,221,142
20200919,false,438,244,4,4,2,2,36959,20624,470,267,262,149
20200920,false,441,246,3,4,2,2,37247,20784,288,287,161,160
20200921,false,443,247,2,4,1,2,37491,20921,244,297,136,166
20200922,false,447,249,4,4,2,2,37901,21149,410,316,229,176
20200923,false,451,252,4,4,2,2,38347,21398,446,338,249,189
20200924,false,454,253,3,4,2,2,38743,21619,396,362,221,202
20200925,false,457,255,3,4,2,2,39234,21893,491,379,274,211
20200926,false,458,256,1,3,1,2,39757,22185,523,392,292,219
20200927,false,460,257,2,3,1,2,40296,22486,539,400,301,223
20200928,false,460,257,0,3,0,2,40501,22600,205,436,114,243
20200929,false,460,257,0,2,0,1,40923,22836,422,430,235,240
20200930,false,464,259,4,2,2,1,41434,23121,511,432,285,241
20201001,false,469,262,5,2,3,1,42048,23463,614,441,343,246
20201002,false,472,263,3,2,2,1,42561,23750,513,472,286,263
20201003,false,474,264,2,2,1,1,43238,24127,677,475,378,265
20201004,false,480,268,6,2,3,1,43702,24386,464,497,259,277
20201005,false,482,269,2,3,1,2,43964,24533,262,487,146,272
20201006,false,487,272,5,3,3,2,44422,24788,458,495,256,276
20201007,false,492,275,5,4,3,2,45082,25156,660,500,368,279
20201008,false,500,279,8,4,4,2,45753,25531,671,521,374,291
20201009,false,503,281,3,4,2,2,46426,25906,673,529,376,295
20201010,false,506,282,3,4,2,2,47088,26276,662,552,369,308
20201011,false,507,283,1,5,1,3,47701,26618,613,550,342,307
20201012,false,507,283,0,4,0,2,48066,26822,365,571,204,319
20201013,false,510,285,3,4,2,2,48663,27155,597,586,333,327
20201014,false,512,286,2,3,1,2,49247,27481,584,606,326,338
20201015,false,516,288,4,3,2,2,49892,27841,645,595,360,332
20201016,false,517,288,1,2,1,1,50610,28241,718,591,401,330
20201017,false,523,292,6,2,3,1,51704,28852,1094,598,610,334
20201018,false,529,295,6,2,3,1,52582,29342,878,659,490,368
20201019,false,528,295,-1,3,-1,2,53092,29626,510,697,285,389
20201020,false,531,296,3,3,2,2,53790,30016,698,718,389,401
20201021,false,535,299,4,3,2,2,54663,30503,873,732,487,408
20201022,false,546,305,11,3,6,2,55650,31054,987,774,551,432
20201023,false,553,309,7,4,4,2,56600,31584,950,823,530,459
20201024,false,562,314,9,5,5,3,57673,32182,1073,856,599,478
20201025,false,572,319,10,6,6,3,58694,32752,1021,853,570,476
20201026,false,573,320,1,6,1,3,59344,33115,650,873,363,487
20201027,false,580,324,7,6,4,3,60041,33504,697,893,389,498
20201028,false,585,326,5,7,3,4,60923,33996,882,893,492,498
20201029,false,599,334,14,7,8,4,61785,34477,862,894,481,499
20201030,false,615,343,16,8,9,4,62746,35013,961,876,536,489
20201031,false,626,349,11,9,6,5,63810,35607,1064,878,594,490
20201101,false,629,351,3,9,2,5,64608,36052,798,877,445,489
20201102,false,630,352,1,8,1,4,65088,36320,480,845,268,472
20201103,false,632,353,2,8,1,4,65845,36743,757,821,422,458
20201104,false,647,361,15,7,8,4,67024,37400,1179,829,658,463
20201105,false,664,371,17,9,9,5,68314,38120,1290,872,720,487
20201106,false,671,374,7,9,4,5,69579,38826,1265,933,706,521
20201107,false,679,379,8,8,4,4,70909,39568,1330,976,742,545
20201108,false,683,381,4,8,2,4,72312,40351,1403,1014,783,566
20201109,false,686,383,3,8,2,4,72961,40713,649,1101,362,614
20201110,false,698,389,12,8,7,4,74227,41420,1266,1125,706,628
20201111,false,714,398,16,9,9,5,75428,42090,1201,1197,670,668
20201112,false,733,409,19,10,11,6,77121,43035,1693,1201,945,670
20201113,false,749,418,16,10,9,6,78279,43681,1158,1258,646,702
20201114,true,759,424,10,10,6,6,79600,44400,1300,1300,724,724
20201115,true,769,429,10,10,6,6,80900,45200,1340,1340,748,748
20201116,true,779,435,10,10,6,6,82300,45900,1380,1380,772,772
20201117,true,789,440,10,10,6,6,83700,46700,1430,1430,796,796
20201118,true,799,446,10,10,6,6,85200,47500,1470,1470,822,822
20201119,true,810,452,10,10,6,6,86700,48400,1520,1520,848,848
20201120,true,820,457,10,10,6,6,88300,49300,1570,1570,875,875
20201121,true,830,463,10,10,6,6,89900,50200,1620,1620,903,903
20201122,true,840,469,10,10,6,6,91600,51100,1670,1670,932,932
20201123,true,850,475,10,10,6,6,93300,52100,1720,1720,962,962
20201124,true,861,480,10,10,6,6,95100,53100,1780,1780,993,993
20201125,true,871,486,10,10,6,6,96900,54100,1840,1840,1020,1020
20201126,true,881,492,10,10,6,6,98800,55100,1900,1900,1060,1060
20201127,true,892,498,10,10,6,6,101000,56200,1960,1960,1090,1090
