date,projected,deaths,deathsPerMillion,deathIncrease,deathIncreaseAverage,deathIncreasePerMillion,deathIncreaseAveragePerMillion,positive,positivePerMillion,positiveIncrease,positiveIncreaseAverage,positiveIncreasePerMillion,positiveIncreaseAveragePerMillion
20200227,false,0,0,0,0,0,0,0,0,0,0,0,0
20200228,false,0,0,0,0,0,0,0,0,0,0,0,0
20200229,false,0,0,0,0,0,0,0,0,0,0,0,0
20200301,false,0,0,0,0,0,0,0,0,0,0,0,0
20200302,false,0,0,0,0,0,0,0,0,0,0,0,0
20200303,false,0,0,0,0,0,0,0,0,0,0,0,0
20200304,false,0,0,0,0,0,0,0,0,0,0,0,0
20200305,false,0,0,0,0,0,0,0,0,0,0,0,0
20200306,false,0,0,0,0,0,0,1,0,1,0,0,0
20200307,false,0,0,0,0,0,0,1,0,0,0,0,0
20200308,false,0,0,0,0,0,0,2,0,1,0,0,0
20200309,false,0,0,0,0,0,0,2,0,0,0,0,0
20200310,false,0,0,0,0,0,0,6,1,4,0,1,0
20200311,false,0,0,0,0,0,0,10,1,4,1,1,0
20200312,false,0,0,0,0,0,0,12,2,2,1,0,0
20200313,false,0,0,0,0,0,0,12,2,0,2,0,0
20200314,false,0,0,0,0,0,0,15,2,3,2,0,0
20200315,false,0,0,0,0,0,0,19,3,4,2,1,0
20200316,false,1,0,1,0,0,0,24,4,5,2,1,0
20200317,false,2,0,1,0,0,0,30,4,6,3,1,0
20200318,false,2,0,0,0,0,0,39,6,9,3,1,0
20200319,false,2,0,0,0,0,0,56,8,17,4,3,1
20200320,false,2,0,0,0,0,0,79,12,23,6,3,1
20200321,false,4,1,2,0,0,0,126,19,47,10,7,1
20200322,false,6,1,2,1,0,0,201,30,75,16,11,2
20200323,false,7,1,1,1,0,0,259,38,58,26,9,4
20200324,false,12,2,5,1,1,0,365,54,106,34,16,5
20200325,false,14,2,2,1,0,0,477,71,112,48,17,7
20200326,false,17,3,3,2,0,0,645,96,168,63,25,9
20200327,false,24,4,7,2,1,0,981,146,336,84,50,12
20200328,false,31,5,7,3,1,0,1232,183,251,129,37,19
20200329,false,32,5,1,4,0,1,1514,225,282,158,42,23
20200330,false,35,5,3,4,0,1,1786,265,272,188,40,28
20200331,false,49,7,14,4,2,1,2159,321,373,218,55,32
20200401,false,65,10,16,5,2,1,2565,381,406,256,60,38
20200402,false,78,12,13,7,2,1,3039,451,474,298,70,44
20200403,false,102,15,24,9,4,1,3437,511,398,342,59,51
20200404,false,116,17,14,11,2,2,3953,587,516,351,77,52
20200405,false,127,19,11,12,2,2,4411,655,458,389,68,58
20200406,false,139,21,12,14,2,2,4944,734,533,414,79,61
20200407,false,173,26,34,15,5,2,5507,818,563,451,84,67
20200408,false,203,30,30,18,4,3,5943,883,436,478,65,71
20200409,false,245,36,42,20,6,3,6351,943,408,483,61,72
20200410,false,300,45,55,24,8,4,6907,1026,556,473,83,70
20200411,false,330,49,30,28,4,4,7435,1104,528,496,78,74
20200412,false,343,51,13,31,2,5,7928,1178,493,497,73,74
20200413,false,350,52,7,31,1,5,8236,1223,308,502,46,75
20200414,false,388,58,38,30,6,4,8527,1267,291,470,43,70
20200415,false,436,65,48,31,7,5,8955,1330,428,431,64,64
20200416,false,477,71,41,33,6,5,9542,1417,587,430,87,64
20200417,false,519,77,42,33,6,5,10154,1508,612,456,91,68
20200418,false,545,81,26,31,4,5,10641,1581,487,464,72,69
20200419,false,562,83,17,31,3,5,11210,1665,569,458,85,68
20200420,false,569,85,7,31,1,5,11686,1736,476,469,71,70
20200421,false,630,94,61,31,9,5,12097,1797,411,493,61,73
20200422,false,661,98,31,35,5,5,12438,1848,341,510,51,76
20200423,false,706,105,45,32,7,5,13039,1937,601,498,89,74
20200424,false,741,110,35,33,5,5,13680,2032,641,500,95,74
20200425,false,785,117,44,32,7,5,14395,2138,715,504,106,75
20200426,false,813,121,28,34,4,5,15012,2230,617,536,92,80
20200427,false,844,125,31,36,5,5,15961,2371,949,543,141,81
20200428,false,901,134,57,39,8,6,16588,2464,627,611,93,91
20200429,false,1065,158,164,39,24,6,17182,2552,594,642,88,95
20200430,false,1114,165,49,58,7,9,17835,2649,653,678,97,101
20200501,false,1175,175,61,58,9,9,18630,2767,795,685,118,102
20200502,false,1229,183,54,62,8,9,19295,2866,665,707,99,105
20200503,false,1246,185,17,63,3,9,19933,2961,638,700,95,104
20200504,false,1264,188,18,62,3,9,20507,3046,574,703,85,104
20200505,false,1326,197,62,60,9,9,21033,3124,526,649,78,96
20200506,false,1377,205,51,61,8,9,21870,3249,837,635,124,94
20200507,false,1414,210,37,45,5,7,22503,3343,633,670,94,100
20200508,false,1447,215,33,43,5,6,23146,3438,643,667,96,99
20200509,false,1490,221,43,39,6,6,23732,3525,586,645,87,96
20200510,false,1508,224,18,37,3,5,24126,3584,394,634,59,94
20200511,false,1540,229,32,37,5,5,24627,3658,501,599,74,89
20200512,false,1578,234,38,39,6,6,25127,3732,500,589,74,87
20200513,false,1619,240,41,36,6,5,25473,3784,346,585,51,87
20200514,false,1646,244,27,35,4,5,26053,3870,580,515,86,76
20200515,false,1691,251,45,33,7,5,26655,3959,602,507,89,75
20200516,false,1741,259,50,35,7,5,27280,4052,625,501,93,74
20200517,false,1751,260,10,36,1,5,27778,4126,498,507,74,75
20200518,false,1765,262,14,35,2,5,28255,4197,477,522,71,78
20200519,false,1824,271,59,32,9,5,28705,4264,450,518,67,77
20200520,false,1864,277,40,35,6,5,29274,4348,569,511,85,76
20200521,false,1913,284,49,35,7,5,29936,4447,662,543,98,81
20200522,false,1941,288,28,38,4,6,30409,4517,473,555,70,82
20200523,false,1943,289,2,36,0,5,30901,4590,492,536,73,80
20200524,false,1976,294,33,29,5,4,31376,4661,475,517,71,77
20200525,false,1976,294,0,32,0,5,31715,4711,339,514,50,76
20200526,false,2004,298,28,30,4,4,32078,4765,363,494,54,73
20200527,false,2030,302,26,26,4,4,32437,4818,359,482,53,72
20200528,false,2068,307,38,24,6,4,33068,4912,631,452,94,67
20200529,false,2110,313,42,22,6,3,33558,4985,490,447,73,66
20200530,false,2125,316,15,24,2,4,34211,5082,653,450,97,67
20200531,false,2134,317,9,26,1,4,34574,5136,363,473,54,70
20200601,false,2142,318,8,23,1,3,34830,5174,256,457,38,68
20200602,false,2197,326,55,24,8,4,35237,5234,407,445,60,66
20200603,false,2207,328,10,28,1,4,35712,5305,475,451,71,67
20200604,false,2231,331,24,25,4,4,36096,5362,384,468,57,70
20200605,false,2258,335,27,23,4,3,36578,5433,482,433,72,64
20200606,false,2292,340,34,21,5,3,36997,5496,419,431,62,64
20200607,false,2303,342,11,24,2,4,37397,5555,400,398,59,59
20200608,false,2316,344,13,24,2,4,37623,5588,226,403,34,60
20200609,false,2339,347,23,25,3,4,38033,5649,410,399,61,59
20200610,false,2355,350,16,20,2,3,38337,5695,304,399,45,59
20200611,false,2380,354,25,21,4,3,38748,5756,411,375,61,56
20200612,false,2396,356,16,21,2,3,39146,5815,398,379,59,56
20200613,false,2413,358,17,20,3,3,39543,5874,397,367,59,55
20200614,false,2422,360,9,17,1,3,39909,5928,366,364,54,54
20200615,false,2433,361,11,17,2,3,40430,6005,521,359,77,53
20200616,false,2447,363,14,17,2,3,40786,6058,356,401,53,60
20200617,false,2475,368,28,15,4,2,41013,6092,227,393,34,58
20200618,false,2491,370,16,17,2,3,41438,6155,425,382,63,57
20200619,false,2516,374,25,16,4,2,41746,6201,308,384,46,57
20200620,false,2536,377,20,17,3,3,42061,6248,315,371,47,55
20200621,false,2540,377,4,18,1,3,42423,6301,362,360,54,53
20200622,false,2553,379,13,17,2,3,42633,6333,210,359,31,53
20200623,false,2569,382,16,17,2,3,42871,6368,238,315,35,47
20200624,false,2578,383,9,17,1,3,43140,6408,269,298,40,44
20200625,false,2586,384,8,15,1,2,43655,6484,515,304,76,45
20200626,false,2595,385,9,14,1,2,44140,6557,485,317,72,47
20200627,false,2616,389,21,11,3,2,44575,6621,435,342,65,51
20200628,false,2619,389,3,11,0,2,44930,6674,355,359,53,53
20200629,false,2624,390,5,11,1,2,45228,6718,298,358,44,53
20200630,false,2640,392,16,10,2,1,45594,6773,366,371,54,55
20200701,false,2650,394,10,10,1,1,45952,6826,358,389,53,58
20200702,false,2662,395,12,10,2,1,46387,6890,435,402,65,60
20200703,false,2681,398,19,11,3,2,46915,6969,528,390,78,58
20200704,false,2687,399,6,12,1,2,47432,7046,517,396,77,59
20200705,false,2693,400,6,10,1,1,48008,7131,576,408,86,61
20200706,false,2698,401,5,11,1,2,48331,7179,323,440,48,65
20200707,false,2717,404,19,11,3,2,48626,7223,295,443,44,66
20200708,false,2732,406,15,11,2,2,49063,7288,437,433,65,64
20200709,false,2739,407,7,12,1,2,49575,7364,512,444,76,66
20200710,false,2748,408,9,11,1,2,50300,7472,725,455,108,68
20200711,false,2756,409,8,10,1,1,51079,7587,779,484,116,72
20200712,false,2760,410,4,10,1,1,51612,7666,533,521,79,77
20200713,false,2762,410,2,10,0,1,52037,7730,425,515,63,76
20200714,false,2775,412,13,9,2,1,52685,7826,648,529,96,79
20200715,false,2785,414,10,8,1,1,53370,7928,685,580,102,86
20200716,false,2795,415,10,8,1,1,54080,8033,710,615,105,91
20200717,false,2803,416,8,8,1,1,54813,8142,733,644,109,96
20200718,false,2820,419,17,8,3,1,55654,8267,841,645,125,96
20200719,false,2822,419,2,9,0,1,56571,8403,917,654,136,97
20200720,false,2825,420,3,9,0,1,57206,8497,635,708,94,105
20200721,false,2846,423,21,9,3,1,57916,8603,710,738,105,110
20200722,false,2863,425,17,10,3,1,58673,8715,757,747,112,111
20200723,false,2880,428,17,11,3,2,59602,8853,929,758,138,113
20200724,false,2884,428,4,12,1,2,60598,9001,996,789,148,117
20200725,false,2895,430,11,12,2,2,61520,9138,922,826,137,123
20200726,false,2903,431,8,11,1,2,62372,9265,852,838,127,124
20200727,false,2906,432,3,12,0,2,62907,9344,535,829,79,123
20200728,false,2924,434,18,12,3,2,63678,9459,771,814,115,121
20200729,false,2932,436,8,11,1,2,64299,9551,621,823,92,122
20200730,false,2946,438,14,10,2,1,65253,9693,954,804,142,119
20200731,false,2965,440,19,9,3,1,66154,9826,901,807,134,120
20200801,false,2971,441,6,12,1,2,67122,9970,968,794,144,118
20200802,false,2975,442,4,11,1,2,67857,10079,735,800,109,119
20200803,false,2980,443,5,10,1,1,68433,10165,576,784,86,116
20200804,false,2996,445,16,11,2,2,69255,10287,822,789,122,117
20200805,false,3007,447,11,10,2,1,69975,10394,720,797,107,118
20200806,false,3013,448,6,11,1,2,71015,10549,1040,811,154,120
20200807,false,3023,449,10,10,1,1,72254,10733,1239,823,184,122
20200808,false,3036,451,13,8,2,1,73287,10886,1033,871,153,129
20200809,false,3041,452,5,9,1,1,74328,11041,1041,881,155,131
20200810,false,3044,452,3,9,0,1,74992,11139,664,924,99,137
20200811,false,3069,456,25,9,4,1,75862,11268,870,937,129,139
20200812,false,3086,458,17,10,3,1,76522,11367,660,944,98,140
20200813,false,3105,461,19,11,3,2,77565,11521,1043,935,155,139
20200814,false,3113,462,8,13,1,2,78632,11680,1067,936,158,139
20200815,false,3128,465,15,13,2,2,79676,11835,1044,911,155,135
20200816,false,3133,465,5,13,1,2,80415,11945,739,913,110,136
20200817,false,3135,466,2,13,0,2,81006,12033,591,870,88,129
20200818,false,3165,470,30,13,4,2,81847,12158,841,859,125,128
20200819,false,3180,472,15,14,2,2,82336,12230,489,855,73,127
20200820,false,3191,474,11,13,2,2,83277,12370,941,831,140,123
20200821,false,3208,477,17,12,3,2,84317,12524,1040,816,154,121
20200822,false,3218,478,10,14,1,2,85317,12673,1000,812,149,121
20200823,false,3220,478,2,13,0,2,85932,12764,615,806,91,120
20200824,false,3225,479,5,12,1,2,87592,13011,1660,788,247,117
20200825,false,3241,481,16,13,2,2,88421,13134,829,941,123,140
20200826,false,3259,484,18,11,3,2,89359,13273,938,939,139,139
20200827,false,3266,485,7,11,1,2,90504,13443,1145,1003,170,149
20200828,false,3277,487,11,11,2,2,91313,13564,809,1032,120,153
20200829,false,3285,488,8,10,1,1,92434,13730,1121,999,167,148
20200830,false,3291,489,6,10,1,1,93313,13861,879,1017,131,151
20200831,false,3296,490,5,10,1,1,94196,13992,883,1054,131,157
20200901,false,3312,492,16,10,2,1,94891,14095,695,943,103,140
20200902,false,3325,494,13,10,2,1,95750,14223,859,924,128,137
20200903,false,3332,495,7,9,1,1,96854,14387,1104,913,164,136
20200904,false,3350,498,18,9,3,1,97884,14540,1030,907,153,135
20200905,false,3362,499,12,10,2,1,98961,14700,1077,939,160,139
20200906,false,3364,500,2,11,0,2,99804,14825,843,932,125,138
20200907,false,3368,500,4,10,1,1,100394,14912,590,927,88,138
20200908,false,3380,502,12,10,2,1,100780,14970,386,885,57,131
20200909,false,3397,505,17,10,3,1,101485,15075,705,841,105,125
20200910,false,3410,507,13,10,2,1,102243,15187,758,819,113,122
20200911,false,3420,508,10,11,1,2,103505,15375,1262,770,187,114
20200912,false,3437,511,17,10,3,1,104561,15531,1056,803,157,119
20200913,false,3438,511,1,11,0,2,105804,15716,1243,800,185,119
20200914,false,3439,511,1,11,0,2,106540,15825,736,857,109,127
20200915,false,3460,514,21,10,3,1,107229,15928,689,878,102,130
20200916,false,3472,516,12,11,2,2,107809,16014,580,921,86,137
20200917,false,3478,517,6,11,1,2,108646,16138,837,903,124,134
20200918,false,3495,519,17,10,3,1,109683,16292,1037,915,154,136
20200919,false,3503,520,8,11,1,2,110759,16452,1076,883,160,131
20200920,false,3506,521,3,9,0,1,111505,16563,746,885,111,131
20200921,false,3512,522,6,10,1,1,112027,16640,522,814,78,121
20200922,false,3520,523,8,10,1,1,112626,16729,599,784,89,116
20200923,false,3530,524,10,9,1,1,113337,16835,711,771,106,115
20200924,false,3548,527,18,8,3,1,114236,16969,899,790,134,117
20200925,false,3566,530,18,10,3,1,115407,17142,1171,799,174,119
20200926,false,3577,531,11,10,2,1,116549,17312,1142,818,170,122
20200927,false,3580,532,3,11,0,2,117450,17446,901,827,134,123
20200928,false,3591,533,11,11,2,2,118322,17575,872,849,130,126
20200929,false,3612,537,21,11,3,2,119066,17686,744,899,111,134
20200930,false,3632,539,20,13,3,2,120019,17828,953,920,142,137
20201001,false,3645,541,13,15,2,2,121176,17999,1157,955,172,142
20201002,false,3656,543,11,14,2,2,122640,18217,1464,991,217,147
20201003,false,3669,545,13,13,2,2,124059,18428,1419,1033,211,153
20201004,false,3674,546,5,13,1,2,125146,18589,1087,1073,161,159
20201005,false,3681,547,7,13,1,2,125976,18712,830,1099,123,163
20201006,false,3711,551,30,13,4,2,126946,18856,970,1093,144,162
20201007,false,3727,554,16,14,2,2,128227,19047,1281,1126,190,167
20201008,false,3742,556,15,14,2,2,129677,19262,1450,1173,215,174
20201009,false,3761,559,19,14,3,2,131493,19532,1816,1214,270,180
20201010,false,3782,562,21,15,3,2,133411,19817,1918,1265,285,188
20201011,false,3789,563,7,16,1,2,134981,20050,1570,1336,233,198
20201012,false,3795,564,6,16,1,2,136555,20284,1574,1405,234,209
20201013,false,3822,568,27,16,4,2,138104,20514,1549,1511,230,224
20201014,false,3836,570,14,16,2,2,139269,20687,1165,1594,173,237
20201015,false,3864,574,28,16,4,2,141212,20976,1943,1577,289,234
20201016,false,3887,577,23,17,3,3,143495,21315,2283,1648,339,245
20201017,false,3918,582,31,18,5,3,145977,21683,2482,1715,369,255
20201018,false,3937,585,19,19,3,3,147582,21922,1605,1795,238,267
20201019,false,3960,588,23,21,3,3,149166,22157,1584,1800,235,267
20201020,false,4008,595,48,24,7,4,150664,22380,1498,1802,223,268
20201021,false,4023,598,15,27,2,4,152396,22637,1732,1794,257,266
20201022,false,4065,604,42,27,6,4,155246,23060,2850,1875,423,279
20201023,false,4092,608,27,29,4,4,157713,23427,2467,2005,366,298
20201024,false,4118,612,26,29,4,4,160454,23834,2741,2031,407,302
20201025,false,4130,613,12,29,2,4,162607,24154,2153,2068,320,307
20201026,false,4143,615,13,28,2,4,164581,24447,1974,2146,293,319
20201027,false,4194,623,51,26,8,4,166564,24741,1983,2202,295,327
20201028,false,4227,628,33,27,5,4,169112,25120,2548,2271,378,337
20201029,false,4260,633,33,29,5,4,172730,25657,3618,2388,537,355
20201030,false,4286,637,26,28,4,4,175893,26127,3163,2498,470,371
20201031,false,4332,643,46,28,7,4,179358,26642,3465,2597,515,386
20201101,false,4364,648,32,31,5,5,182108,27050,2750,2701,408,401
20201102,false,4390,652,26,33,4,5,185185,27507,3077,2786,457,414
20201103,false,4439,659,49,35,7,5,188066,27935,2881,2943,428,437
20201104,false,4464,663,25,35,4,5,191764,28485,3698,3072,549,456
20201105,false,4511,670,47,34,7,5,196176,29140,4412,3236,655,481
20201106,false,4547,675,36,36,5,5,200823,29830,4647,3349,690,497
20201107,false,4592,682,45,37,7,5,205722,30558,4899,3561,728,529
20201108,false,4629,688,37,37,5,5,210374,31249,4652,3766,691,559
20201109,false,4664,693,35,38,5,6,214509,31863,4135,4038,614,600
20201110,false,4731,703,67,39,10,6,219338,32580,4829,4189,717,622
20201111,false,4762,707,31,42,5,6,224374,33328,5036,4467,748,664
20201112,false,4813,715,51,43,8,6,230965,34307,6591,4659,979,692
20201113,true,4860,721,44,44,7,7,236000,35000,4780,4780,710,710
20201114,true,4900,728,45,45,7,7,241000,35700,4900,4900,728,728
20201115,true,4950,735,46,46,7,7,246000,36500,5020,5020,746,746
20201116,true,4990,742,46,46,7,7,251000,37300,5150,5150,765,765
20201117,true,5040,749,47,47,7,7,256000,38000,5280,5280,784,784
20201118,true,5090,756,48,48,7,7,262000,38800,5410,5410,804,804
20201119,true,5140,763,49,49,7,7,267000,39700,5550,5550,825,825
20201120,true,5190,771,50,50,7,7,273000,40500,5690,5690,846,846
20201121,true,5240,778,51,51,8,8,279000,41400,5840,5840,867,867
20201122,true,5290,786,52,52,8,8,285000,42300,5990,5990,889,889
20201123,true,5340,794,53,53,8,8,291000,43200,6140,6140,912,912
20201124,true,5400,802,54,54,8,8,297000,44100,6290,6290,935,935
20201125,true,5450,810,55,55,8,8,303000,45100,6450,6450,959,959
20201126,true,5510,818,56,56,8,8,310000,46100,6620,6620,983,983
