date,projected,deaths,deathsPerMillion,deathIncrease,deathIncreaseAverage,deathIncreasePerMillion,positive,positivePerMillion,positiveIncrease,positiveIncreaseAverage,positiveIncreasePerMillion
20200122,false,0,0,0,0,0,0,0,0,0,0
20200123,false,0,0,0,0,0,0,0,0,0,0
20200124,false,0,0,0,0,0,0,0,0,0,0
20200125,false,0,0,0,0,0,0,0,0,0,0
20200126,false,0,0,0,0,0,0,0,0,0,0
20200127,false,0,0,0,0,0,0,0,0,0,0
20200128,false,0,0,0,0,0,0,0,0,0,0
20200129,false,0,0,0,0,0,0,0,0,0,0
20200130,false,0,0,0,0,0,0,0,0,0,0
20200131,false,0,0,0,0,0,0,0,0,0,0
20200201,false,0,0,0,0,0,0,0,0,0,0
20200202,false,0,0,0,0,0,0,0,0,0,0
20200203,false,0,0,0,0,0,0,0,0,0,0
20200204,false,0,0,0,0,0,0,0,0,0,0
20200205,false,0,0,0,0,0,0,0,0,0,0
20200206,false,0,0,0,0,0,0,0,0,0,0
20200207,false,0,0,0,0,0,0,0,0,0,0
20200208,false,0,0,0,0,0,0,0,0,0,0
20200209,false,0,0,0,0,0,0,0,0,0,0
20200210,false,0,0,0,0,0,0,0,0,0,0
20200211,false,0,0,0,0,0,0,0,0,0,0
20200212,false,0,0,0,0,0,0,0,0,0,0
20200213,false,0,0,0,0,0,0,0,0,0,0
20200214,false,0,0,0,0,0,0,0,0,0,0
20200215,false,0,0,0,0,0,0,0,0,0,0
20200216,false,0,0,0,0,0,0,0,0,0,0
20200217,false,0,0,0,0,0,0,0,0,0,0
20200218,false,0,0,0,0,0,0,0,0,0,0
20200219,false,0,0,0,0,0,0,0,0,0,0
20200220,false,0,0,0,0,0,0,0,0,0,0
20200221,false,0,0,0,0,0,0,0,0,0,0
20200222,false,0,0,0,0,0,0,0,0,0,0
20200223,false,0,0,0,0,0,0,0,0,0,0
20200224,false,0,0,0,0,0,0,0,0,0,0
20200225,false,0,0,0,0,0,0,0,0,0,0
20200226,false,0,0,0,0,0,0,0,0,0,0
20200227,false,0,0,0,0,0,0,0,0,0,0
20200228,false,0,0,0,0,0,0,0,0,0,0
20200229,false,0,0,0,0,0,0,0,0,0,0
20200301,false,0,0,0,0,0,0,0,0,0,0
20200302,false,0,0,0,0,0,0,0,0,0,0
20200303,false,0,0,0,0,0,0,0,0,0,0
20200304,false,0,0,0,0,0,0,0,0,0,0
20200305,false,0,0,0,0,0,0,0,0,0,0
20200306,false,0,0,0,0,0,0,0,0,0,0
20200307,false,0,0,0,0,0,0,0,0,0,0
20200308,false,0,0,0,0,0,0,0,0,0,0
20200309,false,0,0,0,0,0,0,0,0,0,0
20200310,false,0,0,0,0,0,0,0,0,0,0
20200311,false,0,0,0,0,0,0,0,0,0,0
20200312,false,0,0,0,0,0,8,1,8,0,0
20200313,false,0,0,0,0,0,23,3,15,1,0
20200314,false,0,0,0,0,0,38,5,15,3,0
20200315,false,0,0,0,0,0,64,9,26,5,1
20200316,false,0,0,0,0,0,97,14,33,9,1
20200317,false,0,0,0,0,0,118,17,21,14,2
20200318,false,2,0,2,0,0,156,22,38,17,2
20200319,false,3,0,1,0,0,229,33,73,22,3
20200320,false,5,1,2,0,0,314,45,85,32,5
20200321,false,7,1,2,1,0,426,61,112,42,6
20200322,false,11,2,4,1,0,547,79,121,55,8
20200323,false,17,2,6,2,0,678,98,131,69,10
20200324,false,26,4,9,2,0,1060,153,382,83,12
20200325,false,33,5,7,4,1,1739,250,679,135,19
20200326,false,42,6,9,4,1,2318,334,579,226,33
20200327,false,57,8,15,6,1,3151,453,833,298,43
20200328,false,72,10,15,7,1,4158,598,1007,405,58
20200329,false,99,14,27,9,1,4856,699,698,533,77
20200330,false,124,18,25,13,2,5653,813,797,616,89
20200331,false,153,22,29,15,2,6521,938,868,711,102
20200401,false,187,27,34,18,3,7639,1099,1118,780,112
20200402,false,229,33,42,22,3,8867,1276,1228,843,121
20200403,false,265,38,36,27,4,10303,1483,1436,936,135
20200404,false,304,44,39,30,4,11637,1675,1334,1022,147
20200405,false,370,53,66,33,5,12402,1785,765,1068,154
20200406,false,448,64,78,39,6,13739,1977,1337,1078,155
20200407,false,515,74,67,46,7,15104,2173,1365,1155,166
20200408,false,615,88,100,52,7,16692,2402,1588,1226,176
20200409,false,725,104,110,61,9,18843,2711,2151,1293,186
20200410,false,832,120,107,71,10,20878,3004,2035,1425,205
20200411,false,946,136,114,81,12,22766,3276,1888,1511,217
20200412,false,1056,152,110,92,13,25381,3652,2615,1590,229
20200413,false,1211,174,155,98,14,26794,3856,1413,1854,267
20200414,false,1329,191,118,109,16,28109,4045,1315,1865,268
20200415,false,1502,216,173,116,17,29970,4313,1861,1858,267
20200416,false,1667,240,165,127,18,32492,4675,2522,1897,273
20200417,false,1822,262,155,135,19,35125,5054,2633,1950,281
20200418,false,1983,285,161,141,20,37527,5400,2402,2035,293
20200419,false,2146,309,163,148,21,39820,5730,2293,2109,303
20200420,false,2303,331,157,156,22,41416,5960,1596,2063,297
20200421,false,2449,352,146,156,22,43168,6212,1752,2089,301
20200422,false,2597,374,148,160,23,44913,6463,1745,2151,310
20200423,false,2769,398,172,156,22,47992,6906,3079,2135,307
20200424,false,2877,414,108,157,23,50969,7334,2977,2214,319
20200425,false,2877,414,0,151,22,53348,7677,2379,2263,326
20200426,false,2899,417,22,128,18,54938,7905,1590,2260,325
20200427,false,3003,432,104,108,16,56462,8125,1524,2160,311
20200428,false,3153,454,150,100,14,58302,8389,1840,2149,309
20200429,false,3405,490,252,101,15,60265,8672,1963,2162,311
20200430,false,3562,513,157,115,17,62205,8951,1940,2193,316
20200501,false,3716,535,154,113,16,64311,9254,2106,2030,292
20200502,false,3846,553,130,120,17,66263,9535,1952,1906,274
20200503,false,4004,576,158,138,20,68087,9797,1824,1845,265
20200504,false,4090,589,86,158,23,69087,9941,1000,1878,270
20200505,false,4212,606,122,155,22,70271,10112,1184,1804,260
20200506,false,4420,636,208,151,22,72025,10364,1754,1710,246
20200507,false,4552,655,132,145,21,73721,10608,1696,1680,242
20200508,false,4702,677,150,141,20,75333,10840,1612,1645,237
20200509,false,4840,696,138,141,20,76743,11043,1410,1575,227
20200510,false,4979,716,139,142,20,77793,11194,1050,1497,215
20200511,false,5108,735,129,139,20,78462,11290,669,1387,200
20200512,false,5141,740,33,145,21,79332,11415,870,1339,193
20200513,false,5315,765,174,133,19,80497,11583,1165,1294,186
20200514,false,5482,789,167,128,18,82182,11826,1685,1210,174
20200515,false,5592,805,110,133,19,83421,12004,1239,1209,174
20200516,false,5705,821,113,127,18,84933,12221,1512,1155,166
20200517,false,5797,834,92,124,18,86010,12376,1077,1170,168
20200518,false,5862,844,65,117,17,87052,12526,1042,1174,169
20200519,false,5938,854,76,108,16,87925,12652,873,1227,177
20200520,false,6066,873,128,114,16,88970,12802,1045,1228,177
20200521,false,6148,885,82,107,15,90084,12963,1114,1210,174
20200522,false,6228,896,80,95,14,90889,13078,805,1129,162
20200523,false,6304,907,76,91,13,91662,13190,773,1067,154
20200524,false,6372,917,68,86,12,92675,13335,1013,961,138
20200525,false,6416,923,44,82,12,93271,13421,596,952,137
20200526,false,6473,931,57,79,11,93693,13482,422,888,128
20200527,false,6547,942,74,76,11,94220,13558,527,824,119
20200528,false,6640,955,93,69,10,94895,13655,675,750,108
20200529,false,6718,967,78,70,10,95512,13744,617,687,99
20200530,false,6768,974,50,70,10,96301,13857,789,660,95
20200531,false,6846,985,78,66,9,96965,13953,664,663,95
20200601,false,7035,1012,189,68,10,100805,14505,3840,613,88
20200602,false,7085,1019,50,88,13,101163,14557,358,1076,155
20200603,false,7152,1029,67,87,13,101592,14619,429,1067,154
20200604,false,7201,1036,49,86,12,102063,14686,471,1053,152
20200605,false,7235,1041,34,80,12,102557,14757,494,1024,147
20200606,false,7289,1049,54,74,11,103132,14840,575,1006,145
20200607,false,7316,1053,27,74,11,103436,14884,304,976,140
20200608,false,7353,1058,37,67,10,103626,14911,190,924,133
20200609,false,7408,1066,55,45,6,103889,14949,263,403,58
20200610,false,7454,1073,46,46,7,104156,14988,267,389,56
20200611,false,7492,1078,38,43,6,104667,15061,511,366,53
20200612,false,7538,1085,46,42,6,105059,15117,392,372,54
20200613,false,7576,1090,38,43,6,105395,15166,336,357,51
20200614,false,7624,1097,48,41,6,105603,15196,208,323,46
20200615,false,7647,1100,23,44,6,105690,15208,87,310,45
20200616,false,7665,1103,18,42,6,105885,15236,195,295,42
20200617,false,7734,1113,69,37,5,106151,15275,266,285,41
20200618,false,7770,1118,36,40,6,106422,15314,271,285,41
20200619,false,7800,1122,30,40,6,106650,15346,228,251,36
20200620,false,7828,1126,28,37,5,106936,15388,286,227,33
20200621,false,7858,1131,30,36,5,107061,15406,125,220,32
20200622,false,7874,1133,16,33,5,107210,15427,149,208,30
20200623,false,7890,1135,16,32,5,107439,15460,229,217,31
20200624,false,7938,1142,48,32,5,107611,15485,172,222,32
20200625,false,7963,1146,25,29,4,107837,15517,226,209,30
20200626,false,8013,1153,50,28,4,108070,15551,233,202,29
20200627,false,8041,1157,28,30,4,108443,15604,373,203,29
20200628,false,8060,1160,19,30,4,108667,15637,224,215,31
20200629,false,8095,1165,35,29,4,108768,15651,101,229,33
20200630,false,8054,1159,-41,32,5,108882,15668,114,223,32
20200701,false,8081,1163,27,23,3,109143,15705,261,206,30
20200702,false,8132,1170,51,20,3,109338,15733,195,219,32
20200703,false,8149,1173,17,24,3,109628,15775,290,214,31
20200704,false,8172,1176,23,19,3,109838,15805,210,223,32
20200705,false,8183,1177,11,19,3,109974,15825,136,199,29
20200706,false,8198,1180,15,18,3,110137,15848,163,187,27
20200707,false,8213,1182,15,15,2,110338,15877,201,196,28
20200708,false,8243,1186,30,23,3,110602,15915,264,208,30
20200709,false,8268,1190,25,23,3,110897,15958,295,208,30
20200710,false,8296,1194,28,19,3,111110,15988,213,223,32
20200711,false,8310,1196,14,21,3,111398,16030,288,212,31
20200712,false,8325,1198,15,20,3,111597,16058,199,223,32
20200713,false,8330,1199,5,20,3,111827,16091,230,232,33
20200714,false,8340,1200,10,19,3,112130,16135,303,241,35
20200715,false,8368,1204,28,18,3,112347,16166,217,256,37
20200716,false,8380,1206,12,18,3,112581,16200,234,249,36
20200717,false,8402,1209,22,16,2,112879,16243,298,241,35
20200718,false,8419,1211,17,15,2,113238,16294,359,253,36
20200719,false,8431,1213,12,16,2,113534,16337,296,263,38
20200720,false,8433,1213,2,15,2,113789,16374,255,277,40
20200721,false,8450,1216,17,15,2,114033,16409,244,280,40
20200722,false,8468,1219,18,16,2,114320,16450,287,272,39
20200723,false,8484,1221,16,14,2,114647,16497,327,282,41
20200724,false,8498,1223,14,15,2,114985,16546,338,295,42
20200725,false,8510,1225,12,14,2,115268,16587,283,301,43
20200726,false,8529,1227,19,13,2,115637,16640,369,290,42
20200727,false,8536,1228,7,14,2,115926,16681,289,300,43
20200728,false,8551,1230,15,15,2,116182,16718,256,305,44
20200729,false,8580,1235,29,14,2,116684,16790,502,307,44
20200730,false,8595,1237,15,16,2,117098,16850,414,338,49
20200731,false,8609,1239,14,16,2,117612,16924,514,350,50
20200801,false,8626,1241,17,16,2,118040,16985,428,375,54
20200802,false,8638,1243,12,17,2,118458,17046,418,396,57
20200803,false,8648,1244,10,16,2,118657,17074,199,403,58
20200804,false,8657,1246,9,16,2,119203,17153,546,390,56
20200805,false,8659,1246,2,15,2,119643,17216,440,432,62
20200806,false,8691,1251,32,11,2,119874,17249,231,423,61
20200807,false,8709,1253,18,14,2,120291,17309,417,397,57
20200808,false,8721,1255,12,14,2,120711,17370,420,383,55
20200809,false,8735,1257,14,14,2,121040,17417,329,382,55
20200810,false,8741,1258,6,14,2,121315,17457,275,369,53
20200811,false,8751,1259,10,13,2,121707,17513,392,380,55
20200812,false,8769,1262,18,13,2,122000,17555,293,358,52
20200813,false,8790,1265,21,16,2,122319,17601,319,337,48
20200814,false,8804,1267,14,14,2,122531,17632,212,349,50
20200815,false,8818,1269,14,14,2,122897,17684,366,320,46
20200816,false,8829,1270,11,14,2,123200,17728,303,312,45
20200817,false,8833,1271,4,13,2,123413,17759,213,309,44
20200818,false,8839,1272,6,13,2,123588,17784,175,300,43
20200819,false,8876,1277,37,13,2,124415,17903,827,269,39
20200820,false,8888,1279,12,15,2,124728,17948,313,345,50
20200821,false,8901,1281,13,14,2,125216,18018,488,344,49
20200822,false,8921,1284,20,14,2,125360,18039,144,384,55
20200823,false,8921,1284,0,15,2,125360,18039,0,352,51
20200824,false,8948,1288,27,13,2,126022,18134,662,309,44
20200825,false,8960,1289,12,16,2,126420,18191,398,373,54
20200826,false,8987,1293,27,17,2,126756,18240,336,405,58
20200827,false,9007,1296,20,16,2,127124,18293,368,334,48
20200828,false,9023,1298,16,17,2,127584,18359,460,342,49
20200829,false,9036,1300,13,17,2,128030,18423,446,338,49
20200830,false,9049,1302,13,16,2,128229,18452,199,381,55
20200831,false,9060,1304,11,18,3,128533,18495,304,410,59
20200901,false,9064,1304,4,16,2,128888,18546,355,359,52
20200902,false,9060,1304,-4,15,2,121131,17430,-7757,353,51
20200903,false,9077,1306,17,10,1,121546,17490,415,-804,-116
20200904,false,9100,1309,23,10,1,121758,17520,212,-797,-115
20200905,false,9116,1312,16,11,2,122196,17583,438,-832,-120
20200906,false,9125,1313,9,11,2,122562,17636,366,-833,-120
20200907,false,9133,1314,8,11,2,122791,17669,229,-810,-117
20200908,false,9141,1315,8,10,1,122962,17694,171,-820,-118
20200909,false,9146,1316,5,11,2,123143,17720,181,-847,-122
20200910,false,9166,1319,20,12,2,123546,17778,403,287,41
20200911,false,9180,1321,14,13,2,123986,17841,440,286,41
20200912,false,9196,1323,16,11,2,124540,17921,554,318,46
20200913,false,9210,1325,14,11,2,124826,17962,286,335,48
20200914,false,9219,1327,9,12,2,125080,17998,254,323,46
20200915,false,9225,1327,6,12,2,125393,18043,313,327,47
20200916,false,9245,1330,20,12,2,125699,18087,306,347,50
20200917,false,9260,1332,15,14,2,126128,18149,429,365,53
20200918,false,9269,1334,9,13,2,126582,18215,454,369,53
20200919,false,9295,1338,26,13,2,127181,18301,599,371,53
20200920,false,9310,1340,15,14,2,127540,18352,359,377,54
20200921,false,9317,1341,7,14,2,127796,18389,256,388,56
20200922,false,9328,1342,11,14,2,127969,18414,173,388,56
20200923,false,9347,1345,19,15,2,128512,18492,543,368,53
20200924,false,9362,1347,15,15,2,128993,18561,481,402,58
20200925,false,9373,1349,11,15,2,129481,18632,488,409,59
20200926,false,9391,1351,18,15,2,130050,18714,569,414,60
20200927,false,9404,1353,13,14,2,130642,18799,592,410,59
20200928,false,9415,1355,11,13,2,131072,18861,430,443,64
20200929,false,9423,1356,8,14,2,131584,18934,512,468,67
20200930,false,9456,1361,33,14,2,132116,19011,532,516,74
20201001,false,9480,1364,24,16,2,132870,19119,754,515,74
20201002,false,9490,1366,10,17,2,133631,19229,761,554,80
20201003,false,9507,1368,17,17,2,134303,19326,672,593,85
20201004,false,9510,1368,3,17,2,134947,19418,644,608,87
20201005,false,9530,1371,20,15,2,135462,19492,515,615,88
20201006,false,9538,1372,8,16,2,135957,19564,495,627,90
20201007,false,9557,1375,19,16,2,136492,19641,535,625,90
20201008,false,9565,1376,8,14,2,136936,19704,444,625,90
20201009,false,9577,1378,12,12,2,137701,19815,765,581,84
20201010,false,9587,1380,10,12,2,138340,19906,639,581,84
20201011,false,9604,1382,17,11,2,138903,19987,563,577,83
20201012,false,9617,1384,13,13,2,139663,20097,760,565,81
20201013,false,9630,1386,13,12,2,140412,20205,749,600,86
20201014,false,9647,1388,17,13,2,140992,20288,580,636,92
20201015,false,9672,1392,25,13,2,141579,20373,587,643,93
20201016,false,9702,1396,30,15,2,142346,20483,767,663,95
20201017,false,9723,1399,21,18,3,142930,20567,584,664,96
20201018,false,9737,1401,14,19,3,143660,20672,730,656,94
20201019,false,9753,1403,16,19,3,144488,20791,828,680,98
20201020,false,9758,1404,5,19,3,145464,20932,976,689,99
20201021,false,9780,1407,22,18,3,146166,21033,702,722,104
20201022,false,9810,1412,30,19,3,147215,21184,1049,739,106
20201023,false,9830,1414,20,20,3,148285,21337,1070,805,116
20201024,false,9839,1416,9,18,3,149488,21511,1203,848,122
20201025,false,9864,1419,25,17,2,150565,21666,1077,937,135
20201026,false,9881,1422,17,18,3,151777,21840,1212,986,142
20201027,false,9888,1423,7,18,3,153037,22021,1260,1041,150
20201028,false,9924,1428,36,19,3,154218,22191,1181,1082,156
20201029,false,9951,1432,27,21,3,155564,22385,1346,1150,165
20201030,false,9975,1435,24,20,3,157146,22613,1582,1193,172
20201031,false,9991,1438,16,21,3,158576,22818,1430,1266,182
20201101,false,10013,1441,22,22,3,159707,22981,1131,1298,187
20201102,false,10023,1442,10,21,3,160549,23102,842,1306,188
20201103,false,10035,1444,12,20,3,161585,23251,1036,1253,180
20201104,false,10062,1448,27,21,3,163299,23498,1714,1221,176
20201105,false,10085,1451,23,20,3,165161,23766,1862,1297,187
20201106,false,10106,1454,21,19,3,167274,24070,2113,1371,197
20201107,false,10129,1458,23,19,3,169576,24401,2302,1447,208
20201108,false,10149,1460,20,20,3,171399,24663,1823,1571,226
20201109,false,10163,1462,14,19,3,172727,24855,1328,1670,240
20201110,false,10184,1465,21,20,3,174881,25165,2154,1740,250
20201111,false,10222,1471,38,21,3,177541,25547,2660,1899,273
20201112,true,10243,1474,21,21,3,179474,25825,1933,1933,278
20201113,true,10264,1477,21,21,3,181440,26108,1967,1967,283
20201114,true,10284,1480,21,21,3,183442,26396,2002,2002,288
20201115,true,10305,1483,21,21,3,185479,26690,2037,2037,293
20201116,true,10326,1486,21,21,3,187552,26988,2073,2073,298
20201117,true,10346,1489,20,20,3,189662,27292,2110,2110,304
20201118,true,10366,1492,20,20,3,191810,27600,2147,2147,309
20201119,true,10387,1495,20,20,3,193995,27915,2185,2185,314
20201120,true,10407,1498,20,20,3,196219,28235,2224,2224,320
20201121,true,10427,1500,20,20,3,198482,28561,2263,2263,326
20201122,true,10447,1503,20,20,3,200786,28892,2303,2303,331
20201123,true,10467,1506,20,20,3,203130,29229,2344,2344,337
20201124,true,10487,1509,20,20,3,205516,29573,2386,2386,343
20201125,true,10507,1512,20,20,3,207944,29922,2428,2428,349
