date,projected,deaths,deathsPerMillion,deathIncrease,deathIncreaseAverage,deathIncreasePerMillion,deathIncreaseAveragePerMillion,positive,positivePerMillion,positiveIncrease,positiveIncreaseAverage,positiveIncreasePerMillion,positiveIncreaseAveragePerMillion
20200305,false,0,0,0,0,0,0,0,0,0,0,0,0
20200306,false,0,0,0,0,0,0,3,0,3,3,0,0
20200307,false,0,0,0,0,0,0,3,0,0,0,0,0
20200308,false,0,0,0,0,0,0,3,0,0,0,0,0
20200309,false,0,0,0,0,0,0,5,1,2,2,0,0
20200310,false,0,0,0,0,0,0,6,1,1,1,0,0
20200311,false,0,0,0,0,0,0,9,1,3,3,0,0
20200312,false,0,0,0,0,0,0,12,2,3,3,0,0
20200313,false,0,0,0,0,0,0,17,3,5,2,1,0
20200314,false,0,0,0,0,0,0,26,4,9,2,1,0
20200315,false,0,0,0,0,0,0,31,5,5,3,1,0
20200316,false,2,0,2,0,0,0,37,6,6,4,1,1
20200317,false,0,0,-2,0,0,0,57,9,20,5,3,1
20200318,false,2,0,2,0,0,0,85,14,28,7,5,1
20200319,false,2,0,0,0,0,0,107,18,22,11,4,2
20200320,false,3,0,1,0,0,0,149,25,42,14,7,2
20200321,false,3,0,0,0,0,0,190,31,41,19,7,3
20200322,false,4,1,1,0,0,0,244,40,54,23,9,4
20200323,false,4,1,0,1,0,0,288,48,44,30,7,5
20200324,false,5,1,1,0,0,0,349,58,61,36,10,6
20200325,false,5,1,0,1,0,0,423,70,74,42,12,7
20200326,false,7,1,2,0,0,0,580,96,157,48,26,8
20200327,false,10,2,3,1,0,0,774,128,194,68,32,11
20200328,false,17,3,7,1,1,0,992,164,218,89,36,15
20200329,false,24,4,7,2,1,0,1239,205,247,115,41,19
20200330,false,35,6,11,3,2,0,1413,234,174,142,29,23
20200331,false,43,7,8,4,1,1,1660,275,247,161,41,27
20200401,false,52,9,9,5,1,1,1985,328,325,187,54,31
20200402,false,64,11,12,7,2,1,2331,386,346,223,57,37
20200403,false,84,14,20,8,3,1,2758,456,427,250,71,41
20200404,false,101,17,17,11,3,2,3125,517,367,283,61,47
20200405,false,122,20,21,12,3,2,3609,597,484,305,80,50
20200406,false,138,23,16,14,3,2,4045,669,436,339,72,56
20200407,false,160,26,22,15,4,2,4371,723,326,376,54,62
20200408,false,191,32,31,17,5,3,5529,915,1158,387,192,64
20200409,false,221,37,30,20,5,3,6185,1023,656,506,109,84
20200410,false,255,42,34,22,6,4,6968,1153,783,551,130,91
20200411,false,298,49,43,24,7,4,7694,1273,726,601,120,99
20200412,false,335,55,37,28,6,5,8225,1360,531,653,88,108
20200413,false,384,64,49,30,8,5,8936,1478,711,659,118,109
20200414,false,421,70,37,35,6,6,9472,1567,536,699,89,116
20200415,false,469,78,48,37,8,6,10032,1659,560,729,93,121
20200416,false,499,83,30,40,5,7,10784,1784,752,643,124,106
20200417,false,541,89,42,40,7,7,11572,1914,788,657,130,109
20200418,false,582,96,41,41,7,7,12308,2036,736,658,122,109
20200419,false,626,104,44,41,7,7,12830,2122,522,659,86,109
20200420,false,683,113,57,42,9,7,13684,2263,854,658,141,109
20200421,false,732,121,49,43,8,7,14193,2348,509,678,84,112
20200422,false,779,129,47,44,8,7,14775,2444,582,674,96,111
20200423,false,831,137,52,44,9,7,15737,2603,962,678,159,112
20200424,false,899,149,68,47,11,8,16616,2748,879,708,145,117
20200425,false,948,157,49,51,8,8,17766,2939,1150,721,190,119
20200426,false,1001,166,53,52,9,9,18581,3073,815,780,135,129
20200427,false,1045,173,44,54,7,9,19487,3223,906,822,150,136
20200428,false,1099,182,54,52,9,9,20113,3327,626,829,104,137
20200429,false,1168,193,69,52,11,9,20849,3449,736,846,122,140
20200430,false,1226,203,58,56,10,9,21742,3596,893,868,148,144
20200501,false,1276,211,50,56,8,9,23472,3882,1730,858,286,142
20200502,false,1323,219,47,54,8,9,24473,4048,1001,979,166,162
20200503,false,1372,227,49,54,8,9,25462,4212,989,958,164,158
20200504,false,1424,236,52,53,9,9,26408,4368,946,983,156,163
20200505,false,1476,244,52,54,9,9,27117,4485,709,989,117,164
20200506,false,1520,251,44,54,7,9,28163,4658,1046,1001,173,166
20200507,false,1580,261,60,50,10,8,29374,4859,1211,1045,200,173
20200508,false,1643,272,63,51,10,8,30485,5042,1111,1090,184,180
20200509,false,1692,280,49,52,8,9,31534,5216,1049,1002,174,166
20200510,false,1739,288,47,53,8,9,32587,5390,1053,1009,174,167
20200511,false,1788,296,49,52,8,9,33373,5520,786,1018,130,168
20200512,false,1834,303,46,52,8,9,34061,5634,688,995,114,165
20200513,false,1881,311,47,51,8,8,34812,5758,751,992,124,164
20200514,false,1935,320,54,52,9,9,35903,5939,1091,950,180,157
20200515,false,1991,329,56,51,9,8,36986,6118,1083,933,179,154
20200516,false,2040,337,49,50,8,8,37968,6280,982,929,162,154
20200517,false,2090,346,50,50,8,8,38804,6418,836,919,138,152
20200518,false,2122,351,32,50,5,8,39762,6577,958,888,158,147
20200519,false,2164,358,42,48,7,8,41546,6872,1784,913,295,151
20200520,false,2198,364,34,47,6,8,42323,7001,777,1069,129,177
20200521,false,2221,367,23,45,4,7,43531,7200,1208,1073,200,177
20200522,false,2274,376,53,41,9,7,44424,7348,893,1090,148,180
20200523,false,2306,381,32,40,5,7,45495,7525,1071,1063,177,176
20200524,false,2341,387,35,38,6,6,46313,7661,818,1075,135,178
20200525,false,2379,394,38,36,6,6,47152,7799,839,1073,139,177
20200526,false,2417,400,38,37,6,6,47687,7888,535,1056,88,175
20200527,false,2458,407,41,36,7,6,48423,8010,736,877,122,145
20200528,false,2501,414,43,37,7,6,49709,8222,1286,871,213,144
20200529,false,2538,420,37,40,6,7,50988,8434,1279,883,212,146
20200530,false,2562,424,24,38,4,6,52015,8604,1027,938,170,155
20200531,false,2596,429,34,37,6,6,52778,8730,763,931,126,154
20200601,false,2625,434,29,36,5,6,53327,8821,549,924,91,153
20200602,false,2646,438,21,35,3,6,54175,8961,848,882,140,146
20200603,false,2666,441,20,33,3,5,54982,9094,807,927,133,153
20200604,false,2668,441,2,30,0,5,55858,9239,876,937,145,155
20200605,false,2702,447,34,24,6,4,56770,9390,912,878,151,145
20200606,false,2740,453,38,23,6,4,57482,9508,712,826,118,137
20200607,false,2749,455,9,25,1,4,57973,9589,491,781,81,129
20200608,false,2776,459,27,22,4,4,58404,9660,431,742,71,123
20200609,false,2811,465,35,22,6,4,58904,9743,500,725,83,120
20200610,false,2844,470,33,24,5,4,59465,9836,561,676,93,112
20200611,false,2875,476,31,25,5,4,60197,9957,732,640,121,106
20200612,false,2900,480,25,30,4,5,60613,10026,416,620,69,103
20200613,false,2926,484,26,28,4,5,61305,10140,692,549,114,91
20200614,false,2939,486,13,27,2,4,61701,10206,396,546,66,90
20200615,false,2947,487,8,27,1,4,62032,10261,331,533,55,88
20200616,false,2982,493,35,24,6,4,62409,10323,377,518,62,86
20200617,false,2996,496,14,24,2,4,62969,10416,560,501,93,83
20200618,false,3016,499,20,22,3,4,63229,10459,260,501,43,83
20200619,false,3030,501,14,20,2,3,63548,10511,319,433,53,72
20200620,false,3052,505,22,19,4,3,63956,10579,408,419,67,69
20200621,false,3066,507,14,18,2,3,64306,10637,350,379,58,63
20200622,false,3074,508,8,18,1,3,64603,10686,297,372,49,62
20200623,false,3092,511,18,18,3,3,65007,10753,404,367,67,61
20200624,false,3108,514,16,16,3,3,65337,10807,330,371,55,61
20200625,false,3129,518,21,16,3,3,65777,10880,440,338,73,56
20200626,false,3142,520,13,16,2,3,66115,10936,338,364,56,60
20200627,false,3157,522,15,16,2,3,66450,10991,335,367,55,61
20200628,false,3168,524,11,15,2,2,66777,11045,327,356,54,59
20200629,false,3175,525,7,15,1,2,67254,11124,477,353,79,58
20200630,false,3190,528,15,14,2,2,67559,11175,305,379,50,63
20200701,false,3205,530,15,14,2,2,67918,11234,359,365,59,60
20200702,false,3212,531,7,14,1,2,68423,11318,505,369,84,61
20200703,false,3223,533,11,12,2,2,68961,11407,538,378,89,63
20200704,false,3236,535,13,12,2,2,69341,11470,380,407,63,67
20200705,false,3243,536,7,11,1,2,69632,11518,291,413,48,68
20200706,false,3246,537,3,11,0,2,69904,11563,272,408,45,67
20200707,false,3266,540,20,10,3,2,70396,11644,492,379,81,63
20200708,false,3275,542,9,11,1,2,70861,11721,465,405,77,67
20200709,false,3288,544,13,10,2,2,71447,11818,586,420,97,69
20200710,false,3303,546,15,11,2,2,71910,11894,463,432,77,71
20200711,false,3310,547,7,11,1,2,72467,11987,557,421,92,70
20200712,false,3319,549,9,11,1,2,73109,12093,642,447,106,74
20200713,false,3325,550,6,11,1,2,73527,12162,418,497,69,82
20200714,false,3334,551,9,11,1,2,74260,12283,733,518,121,86
20200715,false,3341,553,7,10,1,2,75016,12408,756,552,125,91
20200716,false,3347,554,6,9,1,1,75664,12515,648,594,107,98
20200717,false,3359,556,12,8,2,1,76371,12632,707,602,117,100
20200718,false,3368,557,9,8,1,1,77206,12770,835,637,138,105
20200719,false,3377,559,9,8,1,1,78131,12923,925,677,153,112
20200720,false,3382,559,5,8,1,1,78685,13015,554,717,92,119
20200721,false,3402,563,20,8,3,1,79545,13157,860,737,142,122
20200722,false,3405,563,3,10,0,2,80172,13261,627,755,104,125
20200723,false,3409,564,4,9,1,1,80836,13371,664,737,110,122
20200724,false,3422,566,13,9,2,1,81766,13525,930,739,154,122
20200725,false,3433,568,11,9,2,1,83054,13738,1288,771,213,128
20200726,false,3440,569,7,9,1,1,83748,13853,694,835,115,138
20200727,false,3447,570,7,9,1,1,84876,14039,1128,802,187,133
20200728,false,3458,572,11,9,2,1,85524,14146,648,884,107,146
20200729,false,3478,575,20,8,3,1,86285,14272,761,854,126,141
20200730,false,3488,577,10,10,2,2,87177,14420,892,873,148,144
20200731,false,3493,578,5,11,1,2,88346,14613,1169,906,193,150
20200801,false,3506,580,13,10,2,2,89365,14782,1019,940,169,155
20200802,false,3515,581,9,10,1,2,90274,14932,909,902,150,149
20200803,false,3523,583,8,11,1,2,91144,15076,870,932,144,154
20200804,false,3530,584,7,11,1,2,91854,15193,710,895,117,148
20200805,false,3536,585,6,10,1,2,92426,15288,572,904,95,150
20200806,false,3551,587,15,8,2,1,93005,15384,579,877,96,145
20200807,false,3565,590,14,9,2,1,93806,15516,801,833,132,138
20200808,false,3577,592,12,10,2,2,94581,15644,775,780,128,129
20200809,false,3585,593,8,10,1,2,95503,15797,922,745,153,123
20200810,false,3591,594,6,10,1,2,96258,15922,755,747,125,124
20200811,false,3604,596,13,10,2,2,96843,16019,585,731,97,121
20200812,false,3612,597,8,11,1,2,97384,16108,541,713,89,118
20200813,false,3620,599,8,11,1,2,98160,16236,776,708,128,117
20200814,false,3631,601,11,10,2,2,98875,16355,715,736,118,122
20200815,false,3636,601,5,9,1,1,99693,16490,818,724,135,120
20200816,false,3639,602,3,8,0,1,100212,16576,519,730,86,121
20200817,false,3641,602,2,8,0,1,100715,16659,503,673,83,111
20200818,false,3650,604,9,7,1,1,101235,16745,520,637,86,105
20200819,false,3661,606,11,7,2,1,101649,16813,414,627,68,104
20200820,false,3669,607,8,7,1,1,102229,16909,580,609,96,101
20200821,false,3674,608,5,7,1,1,102899,17020,670,581,111,96
20200822,false,3685,610,11,6,2,1,103523,17123,624,575,103,95
20200823,false,3691,611,6,7,1,1,104102,17219,579,547,96,90
20200824,false,3694,611,3,7,0,1,104669,17313,567,556,94,92
20200825,false,3707,613,13,8,2,1,105046,17375,377,565,62,93
20200826,false,3717,615,10,8,2,1,105486,17448,440,544,73,90
20200827,false,3722,616,5,8,1,1,106063,17544,577,548,95,91
20200828,false,3736,618,14,8,2,1,106664,17643,601,548,99,91
20200829,false,3746,620,10,9,2,1,107294,17747,630,538,104,89
20200830,false,3752,621,6,9,1,1,107791,17829,497,539,82,89
20200831,false,3755,621,3,9,0,1,108249,17905,458,527,76,87
20200901,false,3761,622,6,9,1,1,108863,18007,614,511,102,85
20200902,false,3766,623,5,8,1,1,109319,18082,456,545,75,90
20200903,false,3778,625,12,7,2,1,110012,18197,693,548,115,91
20200904,false,3789,627,11,8,2,1,110831,18332,819,564,135,93
20200905,false,3796,628,7,8,1,1,111607,18461,776,595,128,98
20200906,false,3799,628,3,7,0,1,112119,18545,512,616,85,102
20200907,false,3804,629,5,7,1,1,112883,18672,764,618,126,102
20200908,false,3807,630,3,7,0,1,113239,18731,356,662,59,109
20200909,false,3816,631,9,7,1,1,113575,18786,336,625,56,103
20200910,false,3824,633,8,7,1,1,114078,18869,503,608,83,101
20200911,false,3828,633,4,7,1,1,114724,18976,646,581,107,96
20200912,false,3836,635,8,6,1,1,115533,19110,809,556,134,92
20200913,false,3838,635,2,6,0,1,116110,19205,577,561,95,93
20200914,false,3839,635,1,6,0,1,116646,19294,536,570,89,94
20200915,false,3849,637,10,5,2,1,117245,19393,599,538,99,89
20200916,false,3855,638,6,6,1,1,117888,19500,643,572,106,95
20200917,false,3861,639,6,6,1,1,118519,19604,631,616,104,102
20200918,false,3869,640,8,5,1,1,119062,19694,543,634,90,105
20200919,false,3876,641,7,6,1,1,119744,19807,682,620,113,103
20200920,false,3879,642,3,6,0,1,120156,19875,412,602,68,100
20200921,false,3883,642,4,6,1,1,120568,19943,412,578,68,96
20200922,false,3895,644,12,6,2,1,120912,20000,344,560,57,93
20200923,false,3902,645,7,7,1,1,121297,20063,385,524,64,87
20200924,false,3909,647,7,7,1,1,121800,20147,503,487,83,81
20200925,false,3917,648,8,7,1,1,122359,20239,559,469,92,78
20200926,false,3925,649,8,7,1,1,122972,20340,613,471,101,78
20200927,false,3935,651,10,7,2,1,123403,20412,431,461,71,76
20200928,false,3938,651,3,8,0,1,123880,20491,477,464,79,77
20200929,false,3946,653,8,8,1,1,124311,20562,431,473,71,78
20200930,false,3949,653,3,7,0,1,124725,20630,414,486,68,80
20201001,false,3949,653,0,7,0,1,125510,20760,785,490,130,81
20201002,false,3950,653,1,6,0,1,126222,20878,712,530,118,88
20201003,false,3957,655,7,5,1,1,126819,20977,597,552,99,91
20201004,false,3958,655,1,5,0,1,127290,21055,471,550,78,91
20201005,false,3961,655,3,3,0,0,127791,21138,501,555,83,92
20201006,false,3967,656,6,3,1,0,128204,21206,413,559,68,92
20201007,false,3973,657,6,3,1,0,128664,21282,460,556,76,92
20201008,false,3979,658,6,3,1,0,129425,21408,761,563,126,93
20201009,false,3990,660,11,4,2,1,130159,21529,734,559,121,92
20201010,false,3995,661,5,6,1,1,130795,21634,636,562,105,93
20201011,false,3999,661,4,5,1,1,131357,21727,562,568,93,94
20201012,false,4003,662,4,6,1,1,131861,21811,504,581,83,96
20201013,false,4012,664,9,6,1,1,132343,21891,482,581,80,96
20201014,false,4022,665,10,6,2,1,132918,21986,575,591,95,98
20201015,false,4028,666,6,7,1,1,133548,22090,630,608,104,101
20201016,false,4032,667,4,7,1,1,134329,22219,781,589,129,97
20201017,false,4036,668,4,6,1,1,135127,22351,798,596,132,99
20201018,false,4037,668,1,6,0,1,135657,22439,530,619,88,102
20201019,false,4041,668,4,5,1,1,136154,22521,497,614,82,102
20201020,false,4050,670,9,5,1,1,136744,22618,590,613,98,101
20201021,false,4058,671,8,5,1,1,137236,22700,492,629,81,104
20201022,false,4070,673,12,5,2,1,137979,22823,743,617,123,102
20201023,false,4078,675,8,6,1,1,138691,22941,712,633,118,105
20201024,false,4091,677,13,7,2,1,139487,23072,796,623,132,103
20201025,false,4096,678,5,8,1,1,140279,23203,792,623,131,103
20201026,false,4099,678,3,8,0,1,140844,23297,565,660,93,109
20201027,false,4108,679,9,8,1,1,141741,23445,897,670,148,111
20201028,false,4115,681,7,8,1,1,142425,23558,684,714,113,118
20201029,false,4127,683,12,8,2,1,143387,23717,962,741,159,123
20201030,false,4137,684,10,8,2,1,144314,23871,927,773,153,128
20201031,false,4147,686,10,8,2,1,145281,24031,967,803,160,133
20201101,false,4152,687,5,8,1,1,146145,24173,864,828,143,137
20201102,false,4155,687,3,8,0,1,146995,24314,850,838,141,139
20201103,false,4162,688,7,8,1,1,147766,24442,771,879,128,145
20201104,false,4172,690,10,8,2,1,148766,24607,1000,861,165,142
20201105,false,4182,692,10,8,2,1,149964,24805,1198,906,198,150
20201106,false,4194,694,12,8,2,1,151505,25060,1541,940,255,155
20201107,false,4201,695,7,8,1,1,152915,25293,1410,1027,233,170
20201108,false,4212,697,11,8,2,1,153996,25472,1081,1091,179,180
20201109,false,4221,698,9,9,1,1,155371,25700,1375,1122,227,186
20201110,false,4233,700,12,9,2,1,156709,25921,1338,1197,221,198
20201111,false,4249,703,16,10,3,2,158423,26204,1714,1278,284,211
20201112,false,4261,705,12,11,2,2,159900,26449,1477,1380,244,228
20201113,false,4273,707,12,11,2,2,161769,26758,1869,1419,309,235
20201114,false,4293,710,20,11,3,2,164090,27142,2321,1466,384,242
20201115,false,4302,712,9,13,1,2,165930,27446,1840,1596,304,264
20201116,false,4309,713,7,13,1,2,167656,27732,1726,1705,285,282
20201117,false,4335,717,26,13,4,2,169805,28087,2149,1755,355,290
20201118,false,4351,720,16,15,3,2,171823,28421,2018,1871,334,309
20201119,false,4372,723,21,15,3,2,174733,28902,2910,1914,481,317
20201120,false,4398,727,26,16,4,3,177086,29291,2353,2119,389,350
20201121,false,4415,730,17,18,3,3,179971,29769,2885,2188,477,362
20201122,false,4434,733,19,17,3,3,182139,30127,2168,2269,359,375
20201123,false,4448,736,14,19,2,3,183797,30401,1658,2316,274,383
20201124,false,4481,741,33,20,5,3,185464,30677,1667,2306,276,381
20201125,false,4518,747,37,21,6,3,188161,31123,2697,2237,446,370
20201126,false,4547,752,29,24,5,4,190480,31507,2319,2334,384,386
20201127,true,4570,756,23,23,4,4,193000,31900,2540,2540,420,420
20201128,true,4590,760,24,24,4,4,196000,32400,2610,2610,432,432
20201129,true,4620,764,25,25,4,4,198000,32800,2690,2690,445,445
20201130,true,4640,768,26,26,4,4,201000,33300,2770,2770,458,458
20201201,true,4670,773,27,27,4,4,204000,33700,2840,2840,470,470
20201202,true,4700,777,28,28,5,5,207000,34200,2920,2920,483,483
20201203,true,4730,782,28,28,5,5,210000,34700,3000,3000,496,496
20201204,true,4760,787,29,29,5,5,213000,35200,3070,3070,508,508
20201205,true,4790,792,30,30,5,5,216000,35700,3150,3150,521,521
20201206,true,4820,797,31,31,5,5,219000,36300,3220,3220,533,533
20201207,true,4850,802,32,32,5,5,223000,36800,3300,3300,546,546
20201208,true,4880,808,33,33,5,5,226000,37400,3380,3380,559,559
20201209,true,4920,813,34,34,6,6,229000,37900,3450,3450,571,571
20201210,true,4950,819,35,35,6,6,233000,38500,3530,3530,584,584
