date,projected,deaths,deathsPerMillion,deathIncrease,deathIncreaseAverage,deathIncreasePerMillion,deathIncreaseAveragePerMillion,positive,positivePerMillion,positiveIncrease,positiveIncreaseAverage,positiveIncreasePerMillion,positiveIncreaseAveragePerMillion
20200307,false,0,0,0,0,0,0,0,0,0,0,0,0
20200308,false,0,0,0,0,0,0,0,0,0,0,0,0
20200309,false,0,0,0,0,0,0,0,0,0,0,0,0
20200310,false,0,0,0,0,0,0,0,0,0,0,0,0
20200311,false,0,0,0,0,0,0,0,0,0,0,0,0
20200312,false,0,0,0,0,0,0,1,1,1,1,1,1
20200313,false,0,0,0,0,0,0,3,2,2,2,1,1
20200314,false,0,0,0,0,0,0,3,2,0,0,0,0
20200315,false,0,0,0,0,0,0,3,2,0,0,0,0
20200316,false,0,0,0,0,0,0,17,13,14,0,10,0
20200317,false,0,0,0,0,0,0,32,24,15,2,11,1
20200318,false,0,0,0,0,0,0,43,32,11,5,8,4
20200319,false,0,0,0,0,0,0,53,39,10,6,7,4
20200320,false,0,0,0,0,0,0,57,42,4,7,3,5
20200321,false,0,0,0,0,0,0,73,54,16,8,12,6
20200322,false,0,0,0,0,0,0,89,66,16,10,12,7
20200323,false,0,0,0,0,0,0,107,80,18,12,13,9
20200324,false,0,0,0,0,0,0,125,93,18,13,13,10
20200325,false,0,0,0,0,0,0,149,111,24,13,18,10
20200326,false,0,0,0,0,0,0,155,115,6,15,4,11
20200327,false,1,1,1,0,1,0,168,125,13,15,10,11
20200328,false,1,1,0,0,0,0,211,157,43,16,32,12
20200329,false,3,2,2,0,1,0,253,188,42,20,31,15
20200330,false,3,2,0,0,0,0,275,205,22,23,16,17
20200331,false,5,4,2,0,1,0,303,225,28,24,21,18
20200401,false,7,5,2,1,1,1,344,256,41,25,31,19
20200402,false,7,5,0,1,0,1,376,280,32,28,24,21
20200403,false,9,7,2,1,1,1,432,321,56,32,42,24
20200404,false,10,7,1,1,1,1,456,339,24,38,18,28
20200405,false,10,7,0,1,0,1,470,350,14,35,10,26
20200406,false,10,7,0,1,0,1,499,371,29,31,22,23
20200407,false,12,9,2,1,1,1,519,386,20,32,15,24
20200408,false,14,10,2,1,1,1,537,399,18,31,13,23
20200409,false,16,12,2,1,1,1,560,417,23,28,17,21
20200410,false,17,13,1,1,1,1,586,436,26,26,19,19
20200411,false,19,14,2,1,1,1,616,458,30,22,22,16
20200412,false,19,14,0,1,0,1,633,471,17,23,13,17
20200413,false,19,14,0,1,0,1,698,519,65,23,48,17
20200414,false,20,15,1,1,1,1,734,546,36,28,27,21
20200415,false,24,18,4,1,3,1,770,573,36,31,27,23
20200416,false,27,20,3,1,2,1,796,592,26,33,19,25
20200417,false,29,22,2,2,1,1,827,615,31,34,23,25
20200418,false,32,24,3,2,2,1,847,630,20,34,15,25
20200419,false,34,25,2,2,1,1,867,645,20,33,15,25
20200420,false,35,26,1,2,1,1,875,651,8,33,6,25
20200421,false,36,27,1,2,1,1,888,661,13,25,10,19
20200422,false,39,29,3,2,2,1,907,675,19,22,14,16
20200423,false,44,33,5,2,4,1,937,697,30,20,22,15
20200424,false,47,35,3,2,2,1,965,718,28,20,21,15
20200425,false,50,37,3,3,2,2,990,736,25,20,19,15
20200426,false,50,37,0,3,0,2,1015,755,25,20,19,15
20200427,false,51,38,1,2,1,1,1023,761,8,21,6,16
20200428,false,51,38,0,2,0,1,1040,774,17,21,13,16
20200429,false,52,39,1,2,1,1,1056,786,16,22,12,16
20200430,false,53,39,1,2,1,1,1095,815,39,21,29,16
20200501,false,55,41,2,1,1,1,1123,835,28,23,21,17
20200502,false,56,42,1,1,1,1,1152,857,29,23,22,17
20200503,false,57,42,1,1,1,1,1185,882,33,23,25,17
20200504,false,57,42,0,1,0,1,1205,896,20,24,15,18
20200505,false,61,45,4,1,3,1,1226,912,21,26,16,19
20200506,false,62,46,1,1,1,1,1254,933,28,27,21,20
20200507,false,62,46,0,1,0,1,1330,989,76,28,57,21
20200508,false,63,47,1,1,1,1,1374,1022,44,34,33,25
20200509,false,64,48,1,1,1,1,1408,1047,34,36,25,27
20200510,false,64,48,0,1,0,1,1436,1068,28,37,21,28
20200511,false,65,48,1,1,1,1,1462,1088,26,36,19,27
20200512,false,65,48,0,1,0,1,1477,1099,15,37,11,28
20200513,false,66,49,1,1,1,1,1515,1127,38,36,28,27
20200514,false,69,51,3,1,2,1,1565,1164,50,37,37,28
20200515,false,69,51,0,1,0,1,1603,1193,38,34,28,25
20200516,false,70,52,1,1,1,1,1648,1226,45,33,33,25
20200517,false,70,52,0,1,0,1,1687,1255,39,34,29,25
20200518,false,71,53,1,1,1,1,1713,1274,26,36,19,27
20200519,false,73,54,2,1,1,1,1741,1295,28,36,21,27
20200520,false,73,54,0,1,0,1,1819,1353,78,38,58,28
20200521,false,73,54,0,1,0,1,1877,1396,58,43,43,32
20200522,false,75,56,2,1,1,1,1948,1449,71,45,53,33
20200523,false,77,57,2,1,1,1,2013,1498,65,49,48,36
20200524,false,78,58,1,1,1,1,2055,1529,42,52,31,39
20200525,false,78,58,0,1,0,1,2074,1543,19,53,14,39
20200526,false,79,59,1,1,1,1,2109,1569,35,52,26,39
20200527,false,81,60,2,1,1,1,2137,1590,28,53,21,39
20200528,false,84,62,3,1,2,1,2189,1628,52,45,39,33
20200529,false,85,63,1,2,1,1,2226,1656,37,45,28,33
20200530,false,89,66,4,1,3,1,2282,1698,56,40,42,30
20200531,false,89,66,0,2,0,1,2325,1730,43,38,32,28
20200601,false,89,66,0,2,0,1,2349,1747,24,39,18,29
20200602,false,94,70,5,2,4,1,2377,1768,28,39,21,29
20200603,false,95,71,1,2,1,1,2418,1799,41,38,31,28
20200604,false,95,71,0,2,0,1,2446,1820,28,40,21,30
20200605,false,98,73,3,2,2,1,2482,1846,36,37,27,28
20200606,false,98,73,0,2,0,1,2524,1878,42,37,31,28
20200607,false,99,74,1,1,1,1,2570,1912,46,35,34,26
20200608,false,99,74,0,1,0,1,2588,1925,18,35,13,26
20200609,false,100,74,1,1,1,1,2606,1939,18,34,13,25
20200610,false,100,74,0,1,0,1,2637,1962,31,33,23,25
20200611,false,100,74,0,1,0,1,2667,1984,30,31,22,23
20200612,false,100,74,0,1,0,1,2721,2024,54,32,40,24
20200613,false,100,74,0,0,0,0,2757,2051,36,34,27,25
20200614,false,100,74,0,0,0,0,2793,2078,36,33,27,25
20200615,false,101,75,1,0,1,0,2810,2090,17,32,13,24
20200616,false,101,75,0,0,0,0,2819,2097,9,32,7,24
20200617,false,102,76,1,0,1,0,2836,2110,17,30,13,22
20200618,false,102,76,0,0,0,0,2878,2141,42,28,31,21
20200619,false,102,76,0,0,0,0,2913,2167,35,30,26,22
20200620,false,102,76,0,0,0,0,2938,2186,25,27,19,20
20200621,false,102,76,0,0,0,0,2957,2200,19,26,14,19
20200622,false,102,76,0,0,0,0,2971,2210,14,23,10,17
20200623,false,102,76,0,0,0,0,2994,2227,23,23,17,17
20200624,false,103,77,1,0,1,0,3017,2244,23,25,17,19
20200625,false,103,77,0,0,0,0,3070,2284,53,26,39,19
20200626,false,103,77,0,0,0,0,3102,2308,32,27,24,20
20200627,false,104,77,1,0,1,0,3154,2346,52,27,39,20
20200628,false,104,77,0,0,0,0,3191,2374,37,31,28,23
20200629,false,105,78,1,0,1,0,3219,2395,28,33,21,25
20200630,false,105,78,0,0,0,0,3253,2420,34,35,25,26
20200701,false,105,78,0,0,0,0,3294,2451,41,37,31,28
20200702,false,105,78,0,0,0,0,3328,2476,34,40,25,30
20200703,false,105,78,0,0,0,0,3373,2509,45,37,33,28
20200704,false,107,80,2,0,1,0,3397,2527,24,39,18,29
20200705,false,109,81,2,0,1,0,3415,2541,18,35,13,26
20200706,false,109,81,0,1,0,1,3423,2546,8,32,6,24
20200707,false,110,82,1,1,1,1,3440,2559,17,29,13,22
20200708,false,110,82,0,1,0,1,3460,2574,20,27,15,20
20200709,false,111,83,1,1,1,1,3486,2593,26,24,19,18
20200710,false,111,83,0,1,0,1,3499,2603,13,23,10,17
20200711,false,112,83,1,1,1,1,3520,2619,21,18,16,13
20200712,false,114,85,2,1,1,1,3539,2633,19,18,14,13
20200713,false,114,85,0,1,0,1,3558,2647,19,18,14,13
20200714,false,114,85,0,1,0,1,3566,2653,8,19,6,14
20200715,false,114,85,0,1,0,1,3578,2662,12,18,9,13
20200716,false,114,85,0,1,0,1,3598,2677,20,17,15,13
20200717,false,115,86,1,0,1,0,3636,2705,38,16,28,12
20200718,false,117,87,2,1,1,1,3646,2712,10,20,7,15
20200719,false,117,87,0,1,0,1,3687,2743,41,18,31,13
20200720,false,117,87,0,0,0,0,3711,2761,24,21,18,16
20200721,false,118,88,1,0,1,0,3723,2770,12,22,9,16
20200722,false,118,88,0,1,0,1,3723,2770,0,22,0,16
20200723,false,118,88,0,1,0,1,3737,2780,14,21,10,16
20200724,false,118,88,0,1,0,1,3757,2795,20,20,15,15
20200725,false,119,89,1,0,1,0,3790,2819,33,17,25,13
20200726,false,119,89,0,0,0,0,3814,2837,24,21,18,16
20200727,false,119,89,0,0,0,0,3832,2851,18,18,13,13
20200728,false,121,90,2,0,1,0,3838,2855,6,17,4,13
20200729,false,121,90,0,0,0,0,3866,2876,28,16,21,12
20200730,false,122,91,1,0,1,0,3888,2892,22,20,16,15
20200731,false,123,92,1,1,1,1,3912,2910,24,22,18,16
20200801,false,123,92,0,1,0,1,3937,2929,25,22,19,16
20200802,false,123,92,0,1,0,1,3958,2944,21,21,16,16
20200803,false,124,92,1,1,1,1,3970,2953,12,21,9,16
20200804,false,123,92,-1,1,-1,1,3975,2957,5,20,4,15
20200805,false,124,92,1,0,1,0,3992,2970,17,20,13,15
20200806,false,124,92,0,0,0,0,3997,2973,5,18,4,13
20200807,false,124,92,0,0,0,0,4014,2986,17,16,13,12
20200808,false,125,93,1,0,1,0,4026,2995,12,15,9,11
20200809,false,125,93,0,0,0,0,4042,3007,16,13,12,10
20200810,false,125,93,0,0,0,0,4049,3012,7,12,5,9
20200811,false,126,94,1,0,1,0,4050,3013,1,11,1,8
20200812,false,126,94,0,0,0,0,4070,3028,20,11,15,8
20200813,false,126,94,0,0,0,0,4089,3042,19,11,14,8
20200814,false,126,94,0,0,0,0,4115,3061,26,13,19,10
20200815,false,127,94,1,0,1,0,4144,3083,29,14,22,10
20200816,false,127,94,0,0,0,0,4168,3101,24,17,18,13
20200817,false,127,94,0,0,0,0,4197,3122,29,18,22,13
20200818,false,127,94,0,0,0,0,4213,3134,16,21,12,16
20200819,false,127,94,0,0,0,0,4234,3150,21,23,16,17
20200820,false,128,95,1,0,1,0,4253,3164,19,23,14,17
20200821,false,129,96,1,0,1,0,4285,3188,32,23,24,17
20200822,false,130,97,1,0,1,0,4317,3212,32,24,24,18
20200823,false,131,97,1,0,1,0,4335,3225,18,25,13,19
20200824,false,131,97,0,1,0,1,4356,3241,21,24,16,18
20200825,false,131,97,0,1,0,1,4368,3249,12,23,9,17
20200826,false,132,98,1,1,1,1,4389,3265,21,22,16,16
20200827,false,132,98,0,1,0,1,4414,3284,25,22,19,16
20200828,false,132,98,0,1,0,1,4436,3300,22,23,16,17
20200829,false,132,98,0,0,0,0,4489,3340,53,22,39,16
20200830,false,132,98,0,0,0,0,4512,3357,23,25,17,19
20200831,false,132,98,0,0,0,0,4526,3367,14,25,10,19
20200901,false,132,98,0,0,0,0,4548,3383,22,24,16,18
20200902,false,133,99,1,0,1,0,4567,3398,19,26,14,19
20200903,false,133,99,0,0,0,0,4617,3435,50,25,37,19
20200904,false,134,100,1,0,1,0,4632,3446,15,29,11,22
20200905,false,134,100,0,0,0,0,4667,3472,35,28,26,21
20200906,false,134,100,0,0,0,0,4682,3483,15,25,11,19
20200907,false,134,100,0,0,0,0,4701,3497,19,24,14,18
20200908,false,134,100,0,0,0,0,4713,3506,12,25,9,19
20200909,false,134,100,0,0,0,0,4734,3522,21,24,16,18
20200910,false,134,100,0,0,0,0,4760,3541,26,24,19,18
20200911,false,134,100,0,0,0,0,4792,3565,32,20,24,15
20200912,false,135,100,1,0,1,0,4834,3596,42,23,31,17
20200913,false,136,101,1,0,1,0,4863,3618,29,24,22,18
20200914,false,136,101,0,0,0,0,4903,3647,40,26,30,19
20200915,false,137,102,1,0,1,0,4918,3659,15,29,11,22
20200916,false,138,103,1,0,1,0,4941,3676,23,29,17,22
20200917,false,138,103,0,1,0,1,4962,3691,21,30,16,22
20200918,false,138,103,0,1,0,1,5005,3723,43,29,32,22
20200919,false,139,103,1,1,1,1,5035,3746,30,30,22,22
20200920,false,139,103,0,1,0,1,5079,3778,44,29,33,22
20200921,false,140,104,1,0,1,0,5106,3799,27,31,20,23
20200922,false,140,104,0,1,0,1,5146,3828,40,29,30,22
20200923,false,140,104,0,0,0,0,5171,3847,25,33,19,25
20200924,false,140,104,0,0,0,0,5215,3880,44,33,33,25
20200925,false,140,104,0,0,0,0,5235,3894,20,36,15,27
20200926,false,140,104,0,0,0,0,5260,3913,25,33,19,25
20200927,false,140,104,0,0,0,0,5288,3934,28,32,21,24
20200928,false,140,104,0,0,0,0,5300,3943,12,30,9,22
20200929,false,141,105,1,0,1,0,5337,3970,37,28,28,21
20200930,false,141,105,0,0,0,0,5391,4011,54,27,40,20
20201001,false,142,106,1,0,1,0,5431,4040,40,31,30,23
20201002,false,142,106,0,0,0,0,5468,4068,37,31,28,23
20201003,false,142,106,0,0,0,0,5486,4081,18,33,13,25
20201004,false,142,106,0,0,0,0,5519,4106,33,32,25,24
20201005,false,142,106,0,0,0,0,5545,4125,26,33,19,25
20201006,false,142,106,0,0,0,0,5565,4140,20,35,15,26
20201007,false,142,106,0,0,0,0,5604,4169,39,33,29,25
20201008,false,142,106,0,0,0,0,5639,4195,35,30,26,22
20201009,false,143,106,1,0,1,0,5666,4215,27,30,20,22
20201010,false,143,106,0,0,0,0,5696,4237,30,28,22,21
20201011,false,143,106,0,0,0,0,5723,4258,27,30,20,22
20201012,false,143,106,0,0,0,0,5752,4279,29,29,22,22
20201013,false,143,106,0,0,0,0,5780,4300,28,30,21,22
20201014,false,143,106,0,0,0,0,5816,4327,36,31,27,23
20201015,false,144,107,1,0,1,0,5836,4342,20,30,15,22
20201016,false,145,108,1,0,1,0,5865,4363,29,28,22,21
20201017,false,146,109,1,0,1,0,5913,4399,48,28,36,21
20201018,false,146,109,0,0,0,0,5939,4418,26,31,19,23
20201019,false,146,109,0,0,0,0,5962,4435,23,31,17,23
20201020,false,146,109,0,0,0,0,5989,4455,27,30,20,22
20201021,false,146,109,0,0,0,0,6027,4484,38,30,28,22
20201022,false,146,109,0,0,0,0,6064,4511,37,30,28,22
20201023,false,146,109,0,0,0,0,6095,4534,31,33,23,25
20201024,false,146,109,0,0,0,0,6137,4566,42,33,31,25
20201025,false,146,109,0,0,0,0,6201,4613,64,32,48,24
20201026,false,146,109,0,0,0,0,6254,4653,53,37,39,28
20201027,false,146,109,0,0,0,0,6311,4695,57,42,42,31
20201028,false,146,109,0,0,0,0,6387,4751,76,46,57,34
20201029,false,146,109,0,0,0,0,6467,4811,80,51,60,38
20201030,false,146,109,0,0,0,0,6570,4888,103,58,77,43
20201031,false,147,109,1,0,1,0,6668,4961,98,68,73,51
20201101,false,147,109,0,0,0,0,6715,4995,47,76,35,57
20201102,false,148,110,1,0,1,0,6799,5058,84,73,62,54
20201103,false,148,110,0,0,0,0,6926,5152,127,78,94,58
20201104,false,150,112,2,0,1,0,7077,5265,151,88,112,65
20201105,false,150,112,0,1,0,1,7260,5401,183,99,136,74
20201106,false,150,112,0,1,0,1,7444,5538,184,113,137,84
20201107,false,152,113,2,1,1,1,7603,5656,159,125,118,93
20201108,false,152,113,0,1,0,1,7693,5723,90,134,67,100
20201109,false,153,114,1,1,1,1,7888,5868,195,140,145,104
20201110,false,156,116,3,1,2,1,8060,5996,172,156,128,116
20201111,false,158,118,2,1,1,1,8202,6102,142,162,106,121
20201112,false,159,118,1,1,1,1,8395,6245,193,161,144,120
20201113,false,162,121,3,1,2,1,8639,6427,244,162,182,121
20201114,false,163,121,1,2,1,1,8791,6540,152,171,113,127
20201115,false,165,123,2,2,1,1,8944,6654,153,170,114,126
20201116,false,165,123,0,2,0,1,9117,6782,173,179,129,133
20201117,false,166,123,1,2,1,1,9363,6965,246,176,183,131
20201118,false,170,126,4,1,3,1,9519,7081,156,186,116,138
20201119,false,171,127,1,2,1,1,9734,7241,215,188,160,140
20201120,false,173,129,2,2,1,1,9958,7408,224,191,167,142
20201121,false,174,129,1,2,1,1,10123,7531,165,188,123,140
20201122,false,176,131,2,2,1,1,10359,7706,236,190,176,141
20201123,false,177,132,1,2,1,1,10544,7844,185,202,138,150
20201124,false,189,141,12,2,9,1,10799,8034,255,204,190,152
20201125,false,190,141,1,3,1,2,11027,8203,228,205,170,153
20201126,false,190,141,0,3,0,2,11265,8380,238,215,177,160
20201127,false,190,141,0,3,0,2,11265,8380,0,219,0,163
20201128,false,191,142,1,2,1,1,11288,8397,23,187,17,139
20201129,false,191,142,0,2,0,1,11508,8561,220,166,164,123
20201130,false,194,144,3,2,2,1,11757,8746,249,164,185,122
20201201,false,214,159,20,2,15,1,11976,8909,219,173,163,129
20201202,false,218,162,4,4,3,3,12208,9082,232,168,173,125
20201203,false,220,164,2,4,1,3,12554,9339,346,169,257,126
20201204,false,224,167,4,4,3,3,12844,9555,290,184,216,137
20201205,false,227,169,3,5,2,4,13127,9766,283,226,211,168
20201206,false,227,169,0,5,0,4,13348,9930,221,263,164,196
20201207,false,227,169,0,5,0,4,13775,10248,427,263,318,196
20201208,false,239,178,12,5,9,4,14049,10451,274,288,204,214
20201209,false,246,183,7,4,5,3,14454,10753,405,296,301,220
20201210,false,246,183,0,4,0,3,14861,11056,407,321,303,239
20201211,false,250,186,4,4,3,3,15206,11312,345,330,257,245
20201212,false,257,191,7,4,5,3,15620,11620,414,337,308,251
20201213,false,257,191,0,4,0,3,15923,11846,303,356,225,265
20201214,false,259,193,2,4,1,3,16349,12163,426,368,317,274
20201215,false,265,197,6,5,4,4,16760,12468,411,368,306,274
20201216,false,267,199,2,4,1,3,17311,12878,551,387,410,288
20201217,false,276,205,9,3,7,2,17901,13317,590,408,439,304
20201218,false,281,209,5,4,4,3,18337,13641,436,434,324,323
20201219,false,292,217,11,4,8,3,18739,13941,402,447,299,333
20201220,false,292,217,0,5,0,4,18946,14095,207,446,154,332
20201221,false,293,218,1,5,1,4,19285,14347,339,432,252,321
20201222,false,303,225,10,5,7,4,19743,14687,458,419,341,312
20201223,false,311,231,8,5,6,4,20491,15244,748,426,556,317
20201224,true,316,235,5,5,4,4,21000,15600,465,465,346,346
20201225,true,321,239,5,5,4,4,21400,15900,474,474,353,353
20201226,true,326,243,5,5,4,4,21900,16300,484,484,360,360
20201227,true,331,246,5,5,4,4,22400,16700,494,494,368,368
20201228,true,336,250,5,5,4,4,22900,17000,504,504,375,375
20201229,true,341,254,5,5,4,4,23400,17400,513,513,382,382
20201230,true,346,257,5,5,4,4,23900,17800,523,523,389,389
20201231,true,351,261,5,5,4,4,24500,18200,533,533,397,397
20210101,true,357,266,6,6,4,4,25000,18600,543,543,404,404
20210102,true,363,270,6,6,4,4,25600,19000,552,552,411,411
20210103,true,369,275,6,6,4,4,26100,19400,562,562,418,418
20210104,true,375,279,6,6,4,4,26700,19900,572,572,426,426
20210105,true,381,283,6,6,4,4,27300,20300,582,582,433,433
20210106,true,387,288,6,6,4,4,27900,20700,592,592,440,440
