date,projected,deaths,deathsPerMillion,deathIncrease,deathIncreaseAverage,deathIncreasePerMillion,positive,positivePerMillion,positiveIncrease,positiveIncreaseAverage,positiveIncreasePerMillion
20200301,false,0,0,0,0,0,14,1,0,0,0
20200302,false,0,0,0,0,0,27,3,13,13,1
20200303,false,0,0,0,0,0,50,5,23,23,2
20200304,false,0,0,0,0,0,74,7,24,24,2
20200305,false,0,0,0,0,0,100,10,26,26,3
20200306,false,0,0,0,0,0,140,14,40,40,4
20200307,false,0,0,0,0,0,188,19,48,48,5
20200308,false,0,0,0,0,0,251,25,63,63,6
20200309,false,0,0,0,0,0,372,37,121,34,3
20200310,false,0,0,0,0,0,528,53,156,49,5
20200311,false,0,0,0,0,0,727,73,199,68,7
20200312,false,0,0,0,0,0,997,100,270,93,9
20200313,false,0,0,0,0,0,1361,136,364,128,13
20200314,false,0,0,0,0,0,1728,173,367,174,17
20200315,false,0,0,0,0,0,2188,219,460,220,22
20200316,false,0,0,0,0,0,2895,290,707,277,28
20200317,false,2,0,2,0,0,3659,366,764,360,36
20200318,false,5,1,3,0,0,4531,454,872,447,45
20200319,false,10,1,5,1,0,5276,528,745,543,54
20200320,false,13,1,3,1,0,6219,623,943,611,61
20200321,false,23,2,10,2,0,7023,703,804,694,69
20200322,false,36,4,13,3,0,7822,783,799,756,76
20200323,false,57,6,21,5,1,9062,907,1240,805,81
20200324,false,86,9,29,8,1,10155,1017,1093,881,88
20200325,false,111,11,25,12,1,11335,1135,1180,928,93
20200326,false,159,16,48,15,2,12475,1249,1140,972,97
20200327,false,212,21,53,21,2,13799,1382,1324,1028,103
20200328,false,283,28,71,28,3,14865,1488,1066,1083,108
20200329,false,351,35,68,37,4,15784,1580,919,1120,112
20200330,false,437,44,86,45,5,17363,1739,1579,1137,114
20200331,false,551,55,114,54,5,18654,1868,1291,1186,119
20200401,false,676,68,125,66,7,20246,2027,1592,1214,122
20200402,false,801,80,125,81,8,21376,2140,1130,1273,127
20200403,false,918,92,117,92,9,22579,2261,1203,1272,127
20200404,false,1030,103,112,101,10,23581,2361,1002,1254,126
20200405,false,1150,115,120,107,11,24458,2449,877,1245,125
20200406,false,1291,129,141,114,11,25785,2582,1327,1239,124
20200407,false,1449,145,158,122,12,26964,2700,1179,1203,120
20200408,false,1600,160,151,128,13,28064,2810,1100,1187,119
20200409,false,1756,176,156,132,13,29096,2913,1032,1117,112
20200410,false,1917,192,161,136,14,30172,3021,1076,1103,110
20200411,false,2081,208,164,143,14,30980,3102,808,1085,109
20200412,false,2249,225,168,150,15,31666,3171,686,1057,106
20200413,false,2391,239,142,157,16,32702,3275,1036,1030,103
20200414,false,2532,254,141,157,16,33613,3366,911,988,99
20200415,false,2672,268,140,155,16,34533,3458,920,950,95
20200416,false,2841,284,169,153,15,35455,3550,922,924,93
20200417,false,2984,299,143,155,16,36320,3637,865,908,91
20200418,false,3107,311,123,152,15,37029,3708,709,878,88
20200419,false,3236,324,129,147,15,37557,3761,528,864,87
20200420,false,3347,335,111,141,14,38494,3854,937,842,84
20200421,false,3471,348,124,137,14,39589,3964,1095,827,83
20200422,false,3602,361,131,134,13,40705,4076,1116,854,86
20200423,false,3711,372,109,133,13,41694,4175,989,882,88
20200424,false,3818,382,107,124,12,42730,4279,1036,891,89
20200425,false,3929,393,111,119,12,43263,4332,533,916,92
20200426,false,4036,404,107,117,12,43789,4385,526,891,89
20200427,false,4148,415,112,114,11,44709,4477,920,890,89
20200428,false,4247,425,99,114,11,45538,4560,829,888,89
20200429,false,4335,434,88,111,11,46488,4655,950,850,85
20200430,false,4434,444,99,105,11,47505,4757,1017,826,83
20200501,false,4520,453,86,103,10,48240,4830,735,830,83
20200502,false,4579,459,59,100,10,48672,4874,432,787,79
20200503,false,4641,465,62,93,9,49029,4909,357,773,77
20200504,false,4722,473,81,86,9,49809,4987,780,749,75
20200505,false,4781,479,59,82,8,50497,5056,688,729,73
20200506,false,4839,485,58,76,8,51131,5120,634,708,71
20200507,false,4925,493,86,72,7,51731,5180,600,663,66
20200508,false,4987,499,62,70,7,52349,5242,618,604,60
20200509,false,5036,504,49,67,7,52732,5280,383,587,59
20200510,false,5081,509,45,65,7,53033,5310,301,580,58
20200511,false,5139,515,58,63,6,54004,5408,971,572,57
20200512,false,5188,519,49,60,6,55641,5571,1637,599,60
20200513,false,5232,524,44,58,6,56458,5653,817,735,74
20200514,false,5278,528,46,56,6,57036,5711,578,761,76
20200515,false,5325,533,47,50,5,57687,5776,651,758,76
20200516,false,5357,536,32,48,5,58023,5810,336,763,76
20200517,false,5396,540,39,46,5,58278,5835,255,756,76
20200518,false,5427,543,31,45,5,58812,5889,534,749,75
20200519,false,5470,548,43,41,4,59576,5965,764,687,69
20200520,false,5514,552,44,40,4,60151,6023,575,562,56
20200521,false,5555,556,41,40,4,60610,6069,459,528,53
20200522,false,5586,559,31,40,4,61075,6116,465,511,51
20200523,false,5612,562,26,37,4,61293,6137,218,484,48
20200524,false,5640,565,28,36,4,61457,6154,164,467,47
20200525,false,5678,569,38,35,4,61632,6171,175,454,45
20200526,false,5703,571,25,36,4,62075,6216,443,403,40
20200527,false,5727,573,24,33,3,62461,6254,386,357,36
20200528,false,5751,576,24,30,3,62797,6288,336,330,33
20200529,false,5778,579,27,28,3,63116,6320,319,312,31
20200530,false,5802,581,24,27,3,63321,6340,205,292,29
20200531,false,5818,583,16,27,3,63568,6365,247,290,29
20200601,false,5843,585,25,25,3,63813,6390,245,302,30
20200602,false,5869,588,26,24,2,64103,6419,290,312,31
20200603,false,5884,589,15,24,2,64382,6447,279,290,29
20200604,false,5901,591,17,22,2,64616,6470,234,274,27
20200605,false,5909,592,8,21,2,64821,6491,205,260,26
20200606,false,5916,592,7,19,2,64914,6500,93,244,24
20200607,false,5927,593,11,16,2,64969,6505,55,228,23
20200608,false,5942,595,15,16,2,65104,6519,135,200,20
20200609,false,5951,596,9,14,1,65167,6525,63,184,18
20200610,false,5952,596,1,12,1,65182,6527,15,152,15
20200611,false,5985,599,33,10,1,65449,6554,267,114,11
20200612,false,5990,600,5,12,1,65672,6576,223,119,12
20200613,false,6013,602,23,12,1,65836,6592,164,122,12
20200614,false,6016,602,3,14,1,66054,6614,218,132,13
20200615,false,6017,602,1,13,1,66085,6617,31,155,16
20200616,false,6034,604,17,11,1,66269,6636,184,140,14
20200617,false,6036,604,2,12,1,66497,6658,228,157,16
20200618,false,6061,607,25,12,1,66798,6689,301,188,19
20200619,false,6067,607,6,11,1,67097,6719,299,193,19
20200620,false,6087,610,20,11,1,67545,6763,448,204,20
20200621,false,6090,610,3,11,1,67711,6780,166,244,24
20200622,false,6097,611,7,11,1,67957,6805,246,237,24
20200623,false,6109,612,12,11,1,68197,6829,240,267,27
20200624,false,6114,612,5,11,1,68555,6865,358,275,28
20200625,false,6133,614,19,11,1,68989,6908,434,294,29
20200626,false,6134,614,1,10,1,69329,6942,340,313,31
20200627,false,6153,616,19,10,1,69679,6977,350,319,32
20200628,false,6158,617,5,9,1,69946,7004,267,305,31
20200629,false,6161,617,3,10,1,70223,7032,277,319,32
20200630,false,6193,620,32,9,1,70728,7082,505,324,32
20200701,false,6198,621,5,12,1,71089,7118,361,362,36
20200702,false,6212,622,14,12,1,71678,7177,589,362,36
20200703,false,6215,622,3,11,1,72175,7227,497,384,38
20200704,false,6218,623,3,12,1,72581,7268,406,407,41
20200705,false,6218,623,0,9,1,72941,7304,360,415,42
20200706,false,6221,623,3,9,1,73269,7337,328,428,43
20200707,false,6251,626,30,9,1,73900,7400,631,435,44
20200708,false,6262,627,11,8,1,74551,7465,651,453,45
20200709,false,6271,628,9,9,1,75063,7516,512,495,50
20200710,false,6285,629,14,8,1,75685,7578,622,484,48
20200711,false,6313,632,28,10,1,76370,7647,685,501,50
20200712,false,6314,632,1,14,1,76776,7688,406,541,54
20200713,false,6321,633,7,14,1,77198,7730,422,548,55
20200714,false,6326,633,5,14,1,77864,7797,666,561,56
20200715,false,6330,634,4,11,1,78913,7902,1049,566,57
20200716,false,6348,636,18,10,1,79839,7994,926,623,62
20200717,false,6355,636,7,11,1,80593,8070,754,682,68
20200718,false,6364,637,9,10,1,81338,8145,745,701,70
20200719,false,6366,637,2,7,1,81868,8198,530,710,71
20200720,false,6373,638,7,7,1,82395,8250,527,727,73
20200721,false,6382,639,9,7,1,83059,8317,664,742,74
20200722,false,6388,640,6,8,1,83730,8384,671,742,74
20200723,false,6395,640,7,8,1,84431,8454,701,688,69
20200724,false,6400,641,5,7,1,85072,8518,641,656,66
20200725,false,6400,641,0,6,1,85072,8518,0,640,64
20200726,false,6400,641,0,5,1,86661,8678,1589,533,53
20200727,false,6405,641,5,5,1,87173,8729,512,685,69
20200728,false,6421,643,16,5,1,87958,8807,785,683,68
20200729,false,6422,643,1,6,1,88974,8909,1016,700,70
20200730,false,6443,645,21,5,1,89781,8990,807,749,75
20200731,false,6450,646,7,7,1,90574,9069,793,764,77
20200801,false,6457,647,7,7,1,91332,9145,758,786,79
20200802,false,6457,647,0,8,1,91761,9188,429,894,90
20200803,false,6463,647,6,8,1,92374,9250,613,729,73
20200804,false,6471,648,8,8,1,93175,9330,801,743,74
20200805,false,6478,649,7,7,1,93893,9402,718,745,75
20200806,false,6506,651,28,8,1,94656,9478,763,703,70
20200807,false,6524,653,18,9,1,95470,9560,814,696,70
20200808,false,6520,653,-4,11,1,96191,9632,721,699,70
20200809,false,6519,653,-1,9,1,96726,9685,535,694,69
20200810,false,6526,653,7,9,1,97306,9743,580,709,71
20200811,false,6533,654,7,9,1,98213,9834,907,705,71
20200812,false,6539,655,6,9,1,98689,9882,476,720,72
20200813,false,6555,656,16,9,1,99856,9999,1167,685,69
20200814,false,6566,657,11,7,1,100724,10086,868,743,74
20200815,false,6586,659,20,6,1,101782,10192,1058,751,75
20200816,false,6592,660,6,9,1,102259,10239,477,799,80
20200817,false,6592,660,0,10,1,102749,10288,490,790,79
20200818,false,6608,662,16,9,1,103403,10354,654,778,78
20200819,false,6618,663,10,11,1,104091,10423,688,741,74
20200820,false,6634,664,16,11,1,104618,10476,527,772,77
20200821,false,6634,664,0,11,1,104618,10476,0,680,68
20200822,false,6655,666,21,10,1,106044,10618,1426,556,56
20200823,false,6659,667,4,10,1,106808,10695,764,609,61
20200824,false,6663,667,4,10,1,107686,10783,878,650,65
20200825,false,6684,669,21,10,1,108637,10878,951,705,71
20200826,false,6690,670,6,11,1,109480,10962,843,748,75
20200827,false,6706,671,16,10,1,110343,11049,863,770,77
20200828,false,6712,672,6,10,1,111136,11128,793,818,82
20200829,false,6712,672,0,11,1,111136,11128,0,931,93
20200830,false,6748,676,36,8,1,112526,11267,1390,727,73
20200831,false,6753,676,5,13,1,113025,11317,499,817,82
20200901,false,6767,678,14,13,1,113820,11397,795,763,76
20200902,false,6781,679,14,12,1,114468,11462,648,740,74
20200903,false,6791,680,10,13,1,115242,11539,774,713,71
20200904,false,6798,681,7,12,1,116295,11645,1053,700,70
20200905,false,6806,681,8,12,1,117191,11735,896,737,74
20200906,false,6806,681,0,13,1,117191,11735,0,865,87
20200907,false,6810,682,4,8,1,118403,11856,1212,666,67
20200908,false,6811,682,1,8,1,118902,11906,499,768,77
20200909,false,6887,690,76,6,1,119863,12002,961,726,73
20200910,false,6894,690,7,15,2,120846,12101,983,771,77
20200911,false,6900,691,6,15,2,122251,12241,1405,801,80
20200912,false,6911,692,11,15,2,123058,12322,807,851,85
20200913,false,6911,692,0,15,2,123058,12322,0,838,84
20200914,false,6921,693,10,15,2,124287,12445,1229,838,84
20200915,false,6932,694,11,16,2,124969,12513,682,841,84
20200916,false,6943,695,11,17,2,125742,12591,773,867,87
20200917,false,6955,696,12,8,1,126722,12689,980,840,84
20200918,false,6954,696,-1,9,1,127500,12767,778,839,84
20200919,false,6969,698,15,8,1,128087,12826,587,750,75
20200920,false,6969,698,0,8,1,128087,12826,0,718,72
20200921,false,6981,699,12,8,1,129662,12983,1575,718,72
20200922,false,6997,701,16,9,1,130357,13053,695,768,77
20200923,false,7013,702,16,9,1,131259,13143,902,770,77
20200924,false,7019,703,6,10,1,132337,13251,1078,788,79
20200925,false,7027,704,8,9,1,133377,13355,1040,802,80
20200926,false,7044,705,17,10,1,134373,13455,996,840,84
20200927,false,7044,705,0,11,1,134373,13455,0,898,90
20200928,false,7051,706,7,11,1,135702,13588,1329,898,90
20200929,false,7072,708,21,10,1,136820,13700,1118,863,86
20200930,false,7083,709,11,11,1,138014,13820,1194,923,92
20201001,false,7102,711,19,10,1,139012,13919,998,965,97
20201002,false,7110,712,8,12,1,139996,14018,984,954,96
20201003,false,7124,713,14,12,1,141271,14146,1275,946,95
20201004,false,7124,713,0,11,1,141271,14146,0,985,99
20201005,false,7139,715,15,11,1,142726,14291,1455,985,99
20201006,false,7161,717,22,13,1,143878,14407,1152,1003,100
20201007,false,7169,718,8,13,1,145092,14528,1214,1008,101
20201008,false,7193,720,24,12,1,146493,14669,1401,1011,101
20201009,false,7200,721,7,13,1,147816,14801,1323,1069,107
20201010,false,7219,723,19,13,1,149464,14966,1648,1117,112
20201011,false,7219,723,0,14,1,149464,14966,0,1170,117
20201012,false,7225,723,6,14,1,151396,15160,1932,1170,117
20201013,false,7255,726,30,12,1,152862,15306,1466,1239,124
20201014,false,7268,728,13,13,1,154455,15466,1593,1283,128
20201015,false,7302,731,34,14,1,156913,15712,2458,1338,134
20201016,false,7317,733,15,16,2,159119,15933,2206,1489,149
20201017,false,7317,733,0,17,2,159119,15933,0,1615,162
20201018,false,7317,733,0,14,1,159119,15933,0,1379,138
20201019,false,7363,737,46,14,1,164123,16434,5004,1379,138
20201020,false,7383,739,20,20,2,165994,16621,1871,1818,182
20201021,false,7418,743,35,18,2,167872,16809,1878,1876,188
20201022,false,7464,747,46,21,2,170076,17030,2204,1917,192
20201023,false,7484,749,20,23,2,172122,17235,2046,1880,188
20201024,false,7522,753,38,24,2,175612,17584,3490,1858,186
20201025,false,7522,753,0,29,3,175612,17584,0,2356,236
20201026,false,7552,756,30,29,3,179669,17991,4057,2356,236
20201027,false,7585,759,33,27,3,182344,18258,2675,2221,222
20201028,false,7606,762,21,29,3,185934,18618,3590,2336,234
20201029,false,7653,766,47,27,3,190043,19029,4109,2580,258
20201030,false,7665,768,12,27,3,193388,19364,3345,2852,286
20201031,false,7699,771,34,26,3,197406,19767,4018,3038,304
20201101,false,7699,771,0,25,3,197406,19767,0,3113,312
20201102,false,7716,773,17,25,3,204326,20459,6920,3113,312
20201103,false,7761,777,45,23,2,207763,20804,3437,3522,353
20201104,false,7782,779,21,25,3,212160,21244,4397,3631,364
20201105,false,7833,784,51,25,3,218263,21855,6103,3747,375
20201106,false,7880,789,47,26,3,222509,22280,4246,4031,404
20201107,false,7945,796,65,31,3,229003,22930,6494,4160,417
20201108,false,7945,796,0,35,4,229003,22930,0,4514,452
20201109,false,8008,802,63,35,4,238308,23862,9305,4514,452
20201110,false,8094,810,86,42,4,245252,24557,6944,4855,486
20201111,false,8136,815,42,48,5,251872,25220,6620,5356,536
20201112,true,8185,820,49,49,5,257382,25772,5510,5510,552
20201113,true,8237,825,51,51,5,263050,26340,5668,5668,568
20201114,true,8289,830,53,53,5,268882,26924,5831,5831,584
20201115,true,8343,835,54,54,5,274881,27524,5999,5999,601
20201116,true,8399,841,56,56,6,281053,28142,6172,6172,618
20201117,true,8457,847,58,58,6,287402,28778,6349,6349,636
20201118,true,8516,853,59,59,6,293934,29432,6532,6532,654
20201119,true,8578,859,61,61,6,300653,30105,6720,6720,673
20201120,true,8641,865,63,63,6,307566,30797,6913,6913,692
20201121,true,8706,872,65,65,7,314678,31509,7112,7112,712
20201122,true,8773,879,67,67,7,321994,32242,7316,7316,733
20201123,true,8843,885,69,69,7,329520,32995,7526,7526,754
20201124,true,8914,893,71,71,7,337263,33771,7743,7743,775
20201125,true,8988,900,74,74,7,345229,34568,7966,7966,798
