date,projected,deaths,deathsPerMillion,deathIncrease,deathIncreaseAverage,deathIncreasePerMillion,deathIncreaseAveragePerMillion,positive,positivePerMillion,positiveIncrease,positiveIncreaseAverage,positiveIncreasePerMillion,positiveIncreaseAveragePerMillion
20200306,false,0,0,0,0,0,0,1,0,0,0,0,0
20200307,false,0,0,0,0,0,0,2,0,1,1,0,0
20200308,false,0,0,0,0,0,0,2,0,0,0,0,0
20200309,false,0,0,0,0,0,0,5,1,3,3,1,1
20200310,false,0,0,0,0,0,0,11,2,6,6,1,1
20200311,false,0,0,0,0,0,0,21,4,10,10,2,2
20200312,false,0,0,0,0,0,0,43,8,22,22,4,4
20200313,false,0,0,0,0,0,0,62,11,19,19,3,3
20200314,false,0,0,0,0,0,0,90,16,28,9,5,2
20200315,false,0,0,0,0,0,0,128,23,38,13,7,2
20200316,false,0,0,0,0,0,0,179,32,51,18,9,3
20200317,false,0,0,0,0,0,0,246,44,67,25,12,4
20200318,false,0,0,0,0,0,0,269,48,23,34,4,6
20200319,false,0,0,0,0,0,0,287,51,18,35,3,6
20200320,false,0,0,0,0,0,0,303,54,16,35,3,6
20200321,false,1,0,1,0,0,0,327,58,24,34,4,6
20200322,false,1,0,0,0,0,0,349,62,22,34,4,6
20200323,false,1,0,0,0,0,0,393,70,44,32,8,6
20200324,false,1,0,0,0,0,0,444,79,51,31,9,5
20200325,false,1,0,0,0,0,0,502,89,58,28,10,5
20200326,false,2,0,1,0,0,0,565,100,63,33,11,6
20200327,false,4,1,2,0,0,0,640,113,75,40,13,7
20200328,false,5,1,1,1,0,0,687,122,47,48,8,9
20200329,false,9,2,4,1,1,0,725,129,38,51,7,9
20200330,false,10,2,1,1,0,0,823,146,98,54,17,10
20200331,false,12,2,2,1,0,0,916,162,93,61,16,11
20200401,false,17,3,5,2,1,0,973,173,57,67,10,12
20200402,false,18,3,1,2,0,0,1056,187,83,67,15,12
20200403,false,22,4,4,2,1,0,1119,198,63,70,11,12
20200404,false,24,4,2,3,0,1,1158,205,39,68,7,12
20200405,false,29,5,5,3,1,1,1217,216,59,67,10,12
20200406,false,30,5,1,3,0,1,1330,236,113,70,20,12
20200407,false,34,6,4,3,1,1,1432,254,102,72,18,13
20200408,false,39,7,5,3,1,1,1534,272,102,74,18,13
20200409,false,50,9,11,3,2,1,1637,290,103,80,18,14
20200410,false,57,10,7,5,1,1,1732,307,95,83,17,15
20200411,false,64,11,7,5,1,1,1806,320,74,88,13,16
20200412,false,70,12,6,6,1,1,1864,331,58,93,10,16
20200413,false,70,12,0,6,0,1,2012,357,148,92,26,16
20200414,false,79,14,9,6,2,1,2165,384,153,97,27,17
20200415,false,87,15,8,6,1,1,2321,412,156,105,28,19
20200416,false,94,17,7,7,1,1,2486,441,165,112,29,20
20200417,false,111,20,17,6,3,1,2668,473,182,121,32,21
20200418,false,121,21,10,8,2,1,2788,494,120,134,21,24
20200419,false,134,24,13,8,2,1,2914,517,126,140,22,25
20200420,false,143,25,9,9,2,2,3190,566,276,150,49,27
20200421,false,160,28,17,10,3,2,3452,612,262,168,46,30
20200422,false,179,32,19,12,3,2,3758,666,306,184,54,33
20200423,false,200,35,21,13,4,2,4270,757,512,205,91,36
20200424,false,221,39,21,15,4,3,4788,849,518,255,92,45
20200425,false,244,43,23,16,4,3,5127,909,339,303,60,54
20200426,false,272,48,28,18,5,3,5512,977,385,334,68,59
20200427,false,286,51,14,20,2,4,6187,1097,675,371,120,66
20200428,false,301,53,15,20,3,4,6788,1204,601,428,107,76
20200429,false,319,57,18,20,3,4,7468,1324,680,477,121,85
20200430,false,343,61,24,20,4,4,8116,1439,648,530,115,94
20200501,false,371,66,28,20,5,4,8736,1549,620,549,110,97
20200502,false,395,70,24,21,4,4,9071,1608,335,564,59,100
20200503,false,419,74,24,22,4,4,9411,1669,340,563,60,100
20200504,false,428,76,9,21,2,4,10235,1815,824,557,146,99
20200505,false,455,81,27,20,5,4,10876,1928,641,578,114,102
20200506,false,485,86,30,22,5,4,11510,2041,634,584,112,104
20200507,false,508,90,23,24,4,4,12328,2186,818,577,145,102
20200508,false,534,95,26,24,5,4,13040,2312,712,602,126,107
20200509,false,558,99,24,23,4,4,13321,2362,281,615,50,109
20200510,false,578,102,20,23,4,4,13552,2403,231,607,41,108
20200511,false,591,105,13,23,2,4,14379,2550,827,592,147,105
20200512,false,614,109,23,23,4,4,15043,2667,664,592,118,105
20200513,false,638,113,24,23,4,4,15772,2797,729,595,129,106
20200514,false,663,118,25,22,4,4,16565,2937,793,609,141,108
20200515,false,692,123,29,22,5,4,17363,3079,798,605,141,107
20200516,false,709,126,17,23,3,4,17705,3139,342,618,61,110
20200517,false,731,130,22,22,4,4,18016,3195,311,626,55,111
20200518,false,740,131,9,22,2,4,18987,3367,971,638,172,113
20200519,false,757,134,17,21,3,4,19842,3518,855,658,152,117
20200520,false,786,139,29,20,5,4,20609,3654,767,686,136,122
20200521,false,818,145,32,21,6,4,21582,3827,973,691,173,123
20200522,false,851,151,33,22,6,4,22374,3967,792,717,140,127
20200523,false,861,153,10,23,2,4,22765,4037,391,716,69,127
20200524,false,878,156,17,22,3,4,23121,4100,356,723,63,128
20200525,false,890,158,12,21,2,4,23524,4171,403,729,71,129
20200526,false,908,161,18,21,3,4,24308,4310,784,648,139,115
20200527,false,942,167,34,22,6,4,24988,4431,680,638,121,113
20200528,false,977,173,35,22,6,4,25559,4532,571,626,101,111
20200529,false,1006,178,29,23,5,4,26013,4613,454,568,81,101
20200530,false,1036,184,30,22,5,4,26181,4642,168,520,30,92
20200531,false,1050,186,14,25,2,4,26322,4667,141,488,25,87
20200601,false,1060,188,10,25,2,4,26897,4769,575,457,102,81
20200602,false,1082,192,22,24,4,4,27376,4854,479,482,85,85
20200603,false,1097,195,15,25,3,4,27889,4945,513,438,91,78
20200604,false,1126,200,29,22,5,4,28290,5016,401,414,71,73
20200605,false,1159,206,33,21,6,4,28688,5087,398,390,71,69
20200606,false,1181,209,22,22,4,4,28853,5116,165,382,29,68
20200607,false,1197,212,16,21,3,4,28988,5140,135,382,24,68
20200608,false,1208,214,11,21,2,4,29436,5219,448,381,79,68
20200609,false,1228,218,20,21,4,4,29866,5296,430,363,76,64
20200610,false,1267,225,39,21,7,4,30199,5355,333,356,59,63
20200611,false,1280,227,13,24,2,4,30418,5394,219,330,39,59
20200612,false,1305,231,25,22,4,4,30463,5402,45,304,8,54
20200613,false,1314,233,9,21,2,4,30465,5402,2,254,0,45
20200614,false,1329,236,15,19,3,3,30471,5403,6,230,1,41
20200615,false,1335,237,6,19,1,3,30693,5442,222,212,39,38
20200616,false,1344,238,9,18,2,3,30882,5476,189,180,34,32
20200617,false,1357,241,13,17,2,3,31296,5549,414,145,73,26
20200618,false,1376,244,19,13,3,2,31675,5617,379,157,67,28
20200619,false,1393,247,17,14,3,2,32031,5680,356,180,63,32
20200620,false,1404,249,11,13,2,2,32467,5757,436,224,77,40
20200621,false,1412,250,8,13,1,2,32920,5837,453,286,80,51
20200622,false,1416,251,4,12,1,2,33227,5892,307,350,54,62
20200623,false,1425,253,9,12,2,2,33469,5935,242,362,43,64
20200624,false,1432,254,7,12,1,2,33763,5987,294,370,52,66
20200625,false,1441,256,9,11,2,2,34123,6051,360,352,64,62
20200626,false,1446,256,5,9,1,2,34616,6138,493,350,87,62
20200627,false,1452,257,6,8,1,1,35033,6212,417,369,74,65
20200628,false,1460,259,8,7,1,1,35549,6303,516,367,91,65
20200629,false,1470,261,10,7,2,1,35861,6359,312,376,55,67
20200630,false,1476,262,6,8,1,1,36303,6437,442,376,78,67
20200701,false,1482,263,6,7,1,1,36716,6510,413,405,73,72
20200702,false,1495,265,13,7,2,1,37210,6598,494,422,88,75
20200703,false,1503,267,8,8,1,1,37624,6671,414,441,73,78
20200704,false,1503,267,0,8,0,1,37624,6671,0,430,0,76
20200705,false,1508,267,5,7,1,1,38136,6762,512,370,91,66
20200706,false,1511,268,3,7,1,1,38569,6839,433,370,77,66
20200707,false,1514,268,3,6,1,1,39133,6939,564,387,100,69
20200708,false,1523,270,9,5,2,1,39589,7020,456,404,81,72
20200709,false,1528,271,5,6,1,1,40163,7122,574,410,102,73
20200710,false,1533,272,5,5,1,1,40767,7229,604,422,107,75
20200711,false,1537,273,4,4,1,1,41571,7371,804,449,143,80
20200712,false,1540,273,3,5,1,1,42281,7497,710,564,126,100
20200713,false,1542,273,2,5,0,1,42772,7584,491,592,87,105
20200714,false,1548,274,6,4,1,1,43170,7655,398,600,71,106
20200715,false,1558,276,10,5,2,1,43742,7756,572,577,101,102
20200716,false,1566,278,8,5,1,1,44347,7863,605,593,107,105
20200717,false,1573,279,7,5,1,1,45013,7982,666,598,118,106
20200718,false,1578,280,5,6,1,1,45470,8063,457,607,81,108
20200719,false,1581,280,3,6,1,1,46204,8193,734,557,130,99
20200720,false,1585,281,4,6,1,1,47107,8353,903,560,160,99
20200721,false,1588,282,3,6,1,1,47457,8415,350,619,62,110
20200722,false,1592,282,4,6,1,1,47961,8504,504,612,89,109
20200723,false,1601,284,9,5,2,1,48721,8639,760,603,135,107
20200724,false,1606,285,5,5,1,1,49488,8775,767,625,136,111
20200725,false,1611,286,5,5,1,1,50291,8917,803,639,142,113
20200726,false,1614,286,3,5,1,1,51153,9070,862,689,153,122
20200727,false,1616,287,2,5,0,1,51803,9186,650,707,115,125
20200728,false,1620,287,4,4,1,1,52281,9270,478,671,85,119
20200729,false,1629,289,9,5,2,1,52947,9388,666,689,118,122
20200730,false,1634,290,5,5,1,1,53692,9520,745,712,132,126
20200731,false,1640,291,6,5,1,1,54463,9657,771,710,137,126
20200801,false,1646,292,6,5,1,1,55188,9786,725,711,129,126
20200802,false,1654,293,8,5,1,1,55947,9920,759,700,135,124
20200803,false,1656,294,2,6,0,1,56560,10029,613,685,109,121
20200804,false,1660,294,4,6,1,1,57162,10136,602,680,107,121
20200805,false,1670,296,10,6,2,1,57779,10245,617,697,109,124
20200806,false,1677,297,7,6,1,1,58640,10398,861,690,153,122
20200807,false,1681,298,4,6,1,1,59185,10494,545,707,97,125
20200808,false,1689,299,8,6,1,1,60101,10657,916,675,162,120
20200809,false,1698,301,9,6,2,1,60898,10798,797,702,141,124
20200810,false,1701,302,3,6,1,1,61516,10908,618,707,110,125
20200811,false,1707,303,6,6,1,1,61839,10965,323,708,57,126
20200812,false,1724,306,17,7,3,1,62303,11047,464,668,82,118
20200813,false,1731,307,7,8,1,1,62993,11170,690,646,122,115
20200814,false,1739,308,8,8,1,1,63723,11299,730,622,129,110
20200815,false,1745,309,6,8,1,1,64413,11421,690,648,122,115
20200816,false,1752,311,7,8,1,1,65152,11553,739,616,131,109
20200817,false,1758,312,6,8,1,1,65716,11653,564,608,100,108
20200818,false,1767,313,9,8,2,1,66061,11714,345,600,61,106
20200819,false,1784,316,17,9,3,2,66618,11812,557,603,99,107
20200820,false,1791,318,7,9,1,2,67308,11935,690,616,122,109
20200821,false,1799,319,8,9,1,2,68133,12081,825,616,146,109
20200822,false,1807,320,8,9,1,2,68867,12211,734,630,130,112
20200823,false,1813,321,6,9,1,2,69584,12338,717,636,127,113
20200824,false,1817,322,4,9,1,2,70298,12465,714,633,127,112
20200825,false,1825,324,8,8,1,1,70707,12538,409,655,73,116
20200826,false,1842,327,17,8,3,1,71236,12631,529,664,94,118
20200827,false,1855,329,13,8,2,1,72390,12836,1154,660,205,117
20200828,false,1859,330,4,9,1,2,73240,12987,850,726,151,129
20200829,false,1863,330,4,9,1,2,74257,13167,1017,730,180,129
20200830,false,1865,331,2,8,0,1,75189,13332,932,770,165,137
20200831,false,1866,331,1,7,0,1,75864,13452,675,801,120,142
20200901,false,1872,332,6,7,1,1,76355,13539,491,795,87,141
20200902,false,1882,334,10,7,2,1,77085,13668,730,807,129,143
20200903,false,1889,335,7,6,1,1,78123,13852,1038,836,184,148
20200904,false,1899,337,10,5,2,1,78966,14002,843,819,149,145
20200905,false,1903,337,4,6,1,1,79880,14164,914,818,162,145
20200906,false,1909,338,6,6,1,1,80587,14289,707,803,125,142
20200907,false,1912,339,3,6,1,1,81225,14403,638,771,113,137
20200908,false,1914,339,2,7,0,1,81608,14470,383,766,68,136
20200909,false,1921,341,7,6,1,1,81868,14517,260,750,46,133
20200910,false,1936,343,15,6,3,1,82249,14584,381,683,68,121
20200911,false,1949,346,13,7,2,1,82716,14667,467,589,83,104
20200912,false,1958,347,9,7,2,1,83588,14822,872,536,155,95
20200913,false,1971,349,13,8,2,1,84311,14950,723,530,128,94
20200914,false,1974,350,3,9,1,2,84949,15063,638,532,113,94
20200915,false,1979,351,5,9,1,2,85351,15134,402,532,71,94
20200916,false,1985,352,6,9,1,2,85813,15216,462,535,82,95
20200917,false,1994,354,9,9,2,2,86722,15377,909,564,161,100
20200918,false,2002,355,8,8,1,1,87807,15570,1085,639,192,113
20200919,false,2015,357,13,8,2,1,88721,15732,914,727,162,129
20200920,false,2017,358,2,8,0,1,90017,15962,1296,733,230,130
20200921,false,2021,358,4,7,1,1,90942,16126,925,815,164,145
20200922,false,2031,360,10,7,2,1,91422,16211,480,856,85,152
20200923,false,2037,361,6,7,1,1,92100,16331,678,867,120,154
20200924,false,2040,362,3,7,1,1,93012,16493,912,898,162,159
20200925,false,2046,363,6,7,1,1,94189,16701,1177,899,209,159
20200926,false,2056,365,10,6,2,1,95659,16962,1470,912,261,162
20200927,false,2060,365,4,6,1,1,96734,17153,1075,991,191,176
20200928,false,2067,367,7,6,1,1,97638,17313,904,960,160,170
20200929,false,2072,367,5,7,1,1,98447,17456,809,957,143,170
20200930,false,2089,370,17,6,3,1,99134,17578,687,1004,122,178
20201001,false,2102,373,13,7,2,1,100200,17767,1066,1005,189,178
20201002,false,2112,374,10,9,2,2,101366,17974,1166,1027,207,182
20201003,false,2126,377,14,9,2,2,102787,18226,1421,1025,252,182
20201004,false,2133,378,7,10,1,2,103826,18410,1039,1018,184,181
20201005,false,2136,379,3,10,1,2,104799,18583,973,1013,173,180
20201006,false,2140,379,4,10,1,2,105740,18749,941,1023,167,181
20201007,false,2154,382,14,10,2,2,106651,18911,911,1042,162,185
20201008,false,2160,383,6,9,1,2,107922,19136,1271,1074,225,190
20201009,false,2174,385,14,8,2,1,109312,19383,1390,1103,246,196
20201010,false,2184,387,10,9,2,2,110828,19652,1516,1135,269,201
20201011,false,2194,389,10,8,2,1,112268,19907,1440,1149,255,204
20201012,false,2197,390,3,9,1,2,113439,20115,1171,1206,208,214
20201013,false,2204,391,7,9,1,2,114574,20316,1135,1234,201,219
20201014,false,2180,387,-24,9,-4,2,115943,20559,1369,1262,243,224
20201015,false,2199,390,19,4,3,1,117106,20765,1163,1327,206,235
20201016,false,2212,392,13,6,2,1,119396,21171,2290,1312,406,233
20201017,false,2217,393,5,5,1,1,121090,21471,1694,1441,300,256
20201018,false,2234,396,17,5,3,1,122812,21777,1722,1466,305,260
20201019,false,2239,397,5,6,1,1,124439,22065,1627,1506,288,267
20201020,false,2246,398,7,6,1,1,125531,22259,1092,1571,194,279
20201021,false,2281,404,35,6,6,1,126591,22447,1060,1565,188,278
20201022,false,2301,408,20,14,4,2,128152,22723,1561,1521,277,270
20201023,false,2314,410,13,15,2,3,129863,23027,1711,1578,303,280
20201024,false,2328,413,14,15,2,3,132122,23427,2259,1495,401,265
20201025,false,2349,417,21,16,4,3,133802,23725,1680,1576,298,279
20201026,false,2353,417,4,16,1,3,135372,24004,1570,1570,278,278
20201027,false,2368,420,15,16,3,3,137536,24387,2164,1562,384,277
20201028,false,2387,423,19,17,3,3,139444,24726,1908,1715,338,304
20201029,false,2419,429,32,15,6,3,142311,25234,2867,1836,508,326
20201030,false,2437,432,18,17,3,3,145465,25793,3154,2023,559,359
20201031,false,2457,436,20,18,4,3,148472,26327,3007,2229,533,395
20201101,false,2475,439,18,18,3,3,150672,26717,2200,2336,390,414
20201102,false,2484,440,9,18,2,3,153620,27239,2948,2410,523,427
20201103,false,2499,443,15,19,3,3,157096,27856,3476,2607,616,462
20201104,false,2530,449,31,19,5,3,160923,28534,3827,2794,679,495
20201105,false,2555,453,25,20,4,4,164865,29233,3942,3068,699,544
20201106,false,2591,459,36,19,6,3,170307,30198,5442,3222,965,571
20201107,false,2625,465,34,22,6,4,174954,31022,4647,3549,824,629
20201108,false,2656,471,31,24,5,4,180862,32070,5908,3783,1048,671
20201109,false,2675,474,19,26,3,5,184788,32766,3926,4313,696,765
20201110,false,2698,478,23,27,4,5,189681,33634,4893,4453,868,790
20201111,false,2754,488,56,28,10,5,194570,34500,4889,4655,867,825
20201112,false,2793,495,39,32,7,6,201795,35782,7225,4807,1281,852
20201113,false,2839,503,46,34,8,6,207339,36765,5544,5276,983,936
20201114,false,2874,510,35,35,6,6,216028,38305,8689,5290,1541,938
20201115,false,2905,515,31,36,5,6,223581,39645,7553,5868,1339,1040
20201116,false,2917,517,12,36,2,6,231018,40963,7437,6103,1319,1082
20201117,false,2943,522,26,35,5,6,236949,42015,5931,6604,1052,1171
20201118,true,2980,529,40,40,7,7,244000,43200,6670,6670,1180,1180
20201119,true,3020,536,41,41,7,7,251000,44400,6950,6950,1230,1230
20201120,true,3070,544,43,43,8,8,258000,45700,7230,7230,1280,1280
20201121,true,3110,552,44,44,8,8,265000,47000,7510,7510,1330,1330
20201122,true,3160,560,46,46,8,8,273000,48400,7790,7790,1380,1380
20201123,true,3200,568,47,47,8,8,281000,49900,8070,8070,1430,1430
20201124,true,3250,577,49,49,9,9,290000,51300,8360,8360,1480,1480
20201125,true,3300,586,50,50,9,9,298000,52900,8640,8640,1530,1530
20201126,true,3360,595,52,52,9,9,307000,54500,8920,8920,1580,1580
20201127,true,3410,604,53,53,9,9,316000,56100,9200,9200,1630,1630
20201128,true,3460,614,55,55,10,10,326000,57800,9480,9480,1680,1680
20201129,true,3520,624,56,56,10,10,336000,59500,9760,9760,1730,1730
20201130,true,3580,634,58,58,10,10,346000,61300,10000,10000,1780,1780
20201201,true,3640,645,59,59,10,10,356000,63100,10300,10300,1830,1830
