date,projected,deaths,deathsPerMillion,deathIncrease,deathIncreaseAverage,deathIncreasePerMillion,deathIncreaseAveragePerMillion,positive,positivePerMillion,positiveIncrease,positiveIncreaseAverage,positiveIncreasePerMillion,positiveIncreaseAveragePerMillion
20200304,false,0,0,0,0,0,0,1,0,0,0,0,0
20200305,false,0,0,0,0,0,0,1,0,0,0,0,0
20200306,false,0,0,0,0,0,0,2,0,1,1,0,0
20200307,false,0,0,0,0,0,0,2,0,0,0,0,0
20200308,false,0,0,0,0,0,0,2,0,0,0,0,0
20200309,false,0,0,0,0,0,0,2,0,0,0,0,0
20200310,false,0,0,0,0,0,0,7,1,5,5,0,0
20200311,false,0,0,0,0,0,0,7,1,0,0,0,0
20200312,false,0,0,0,0,0,0,12,1,5,1,0,0
20200313,false,0,0,0,0,0,0,15,1,3,2,0,0
20200314,false,0,0,0,0,0,0,23,2,8,2,1,0
20200315,false,0,0,0,0,0,0,32,3,9,3,1,0
20200316,false,0,0,0,0,0,0,33,3,1,4,0,0
20200317,false,0,0,0,0,0,0,40,4,7,4,1,0
20200318,false,0,0,0,0,0,0,63,6,23,5,2,0
20200319,false,0,0,0,0,0,0,97,9,34,8,3,1
20200320,false,0,0,0,0,0,0,137,13,40,12,4,1
20200321,false,0,0,0,0,0,0,184,18,47,17,4,2
20200322,false,0,0,0,0,0,0,255,24,71,23,7,2
20200323,false,0,0,0,0,0,0,297,28,42,32,4,3
20200324,false,0,0,0,0,0,0,398,38,101,38,10,4
20200325,false,1,0,1,0,0,0,504,48,106,51,10,5
20200326,false,2,0,1,0,0,0,636,61,132,63,13,6
20200327,false,3,0,1,0,0,0,763,73,127,77,12,7
20200328,false,4,0,1,0,0,0,935,89,172,89,16,8
20200329,false,4,0,0,1,0,0,1040,99,105,107,10,10
20200330,false,6,1,2,1,0,0,1307,125,267,112,25,11
20200331,false,8,1,2,1,0,0,1498,143,191,144,18,14
20200401,false,10,1,2,1,0,0,1584,151,86,157,8,15
20200402,false,16,2,6,1,1,0,1857,177,273,154,26,15
20200403,false,19,2,3,2,0,0,2093,200,236,174,23,17
20200404,false,24,2,5,2,0,0,2402,229,309,190,29,18
20200405,false,31,3,7,3,1,0,2585,246,183,210,17,20
20200406,false,33,3,2,4,0,0,2870,274,285,221,27,21
20200407,false,46,4,13,4,1,0,3221,307,351,223,33,21
20200408,false,53,5,7,5,1,0,3426,327,205,246,20,23
20200409,false,65,6,12,6,1,1,3651,348,225,263,21,25
20200410,false,74,7,9,7,1,1,3908,373,257,256,25,24
20200411,false,80,8,6,8,1,1,4312,411,404,259,39,25
20200412,false,81,8,1,8,0,1,4520,431,208,273,20,26
20200413,false,86,8,5,7,0,1,4816,459,296,276,28,26
20200414,false,108,10,22,8,2,1,5024,479,208,278,20,27
20200415,false,117,11,9,9,1,1,5123,488,99,258,9,25
20200416,false,131,12,14,9,1,1,5465,521,342,242,33,23
20200417,false,152,14,21,9,2,1,5859,559,394,259,38,25
20200418,false,164,16,12,11,1,1,6140,585,281,279,27,27
20200419,false,172,16,8,12,1,1,6493,619,353,261,34,25
20200420,false,179,17,7,13,1,1,6764,645,271,282,26,27
20200421,false,213,20,34,13,3,1,6951,663,187,278,18,27
20200422,false,242,23,29,15,3,1,7220,688,269,275,26,26
20200423,false,253,24,11,18,1,2,7608,725,388,300,37,29
20200424,false,269,26,16,17,2,2,8052,768,444,306,42,29
20200425,false,289,28,20,17,2,2,8623,822,571,313,54,30
20200426,false,299,29,10,18,1,2,8830,842,207,355,20,34
20200427,false,306,29,7,18,1,2,9142,872,312,334,30,32
20200428,false,342,33,36,18,3,2,9568,912,426,340,41,32
20200429,false,354,34,12,18,1,2,9948,949,380,374,36,36
20200430,false,378,36,24,16,2,2,10509,1002,561,390,53,37
20200501,false,399,38,21,18,2,2,10923,1041,414,414,39,39
20200502,false,420,40,21,19,2,2,11509,1097,586,410,56,39
20200503,false,422,40,2,19,0,2,11664,1112,155,412,15,39
20200504,false,430,41,8,18,1,2,11848,1130,184,405,18,39
20200505,false,452,43,22,18,2,2,12256,1169,408,387,39,37
20200506,false,477,45,25,16,2,2,12758,1216,502,384,48,37
20200507,false,507,48,30,18,3,2,13397,1277,639,401,61,38
20200508,false,527,50,20,18,2,2,13868,1322,471,413,45,39
20200509,false,544,52,17,18,2,2,14360,1369,492,421,47,40
20200510,false,547,52,3,18,0,2,14764,1408,404,407,39,39
20200511,false,550,52,3,18,0,2,15045,1434,281,443,27,42
20200512,false,577,55,27,17,3,2,15346,1463,301,457,29,44
20200513,false,597,57,20,18,2,2,15816,1508,470,441,45,42
20200514,false,615,59,18,17,2,2,16507,1574,691,437,66,42
20200515,false,641,61,26,15,2,1,17129,1633,622,444,59,42
20200516,false,652,62,11,16,1,2,17982,1715,853,466,81,44
20200517,false,659,63,7,15,1,1,18512,1765,530,517,51,49
20200518,false,661,63,2,16,0,2,19023,1814,511,535,49,51
20200519,false,691,66,30,16,3,2,19700,1878,677,568,65,54
20200520,false,702,67,11,16,1,2,20122,1919,422,622,40,59
20200521,false,716,68,14,15,1,1,20860,1989,738,615,70,59
20200522,false,728,69,12,14,1,1,21618,2061,758,622,72,59
20200523,false,737,70,9,12,1,1,22725,2167,1107,641,106,61
20200524,false,744,71,7,12,1,1,23222,2214,497,678,47,65
20200525,false,754,72,10,12,1,1,23964,2285,742,673,71,64
20200526,false,766,73,12,13,1,1,24140,2302,176,706,17,67
20200527,false,794,76,28,11,3,1,24628,2348,488,634,47,60
20200528,false,827,79,33,13,3,1,25412,2423,784,644,75,61
20200529,false,859,82,32,16,3,2,26488,2526,1076,650,103,62
20200530,false,877,84,18,19,2,2,27673,2639,1185,696,113,66
20200531,false,886,84,9,20,1,2,28589,2726,916,707,87,67
20200601,false,898,86,12,20,1,2,29263,2790,674,767,64,73
20200602,false,921,88,23,21,2,2,29889,2850,626,757,60,72
20200603,false,939,90,18,22,2,2,30777,2934,888,821,85,78
20200604,false,960,92,21,21,2,2,31966,3048,1189,878,113,84
20200605,false,966,92,6,19,1,2,33255,3171,1289,936,123,89
20200606,false,992,95,26,15,2,1,34625,3301,1370,967,131,92
20200607,false,996,95,4,16,0,2,35546,3389,921,993,88,95
20200608,false,1006,96,10,16,1,2,36484,3479,938,994,89,95
20200609,false,1029,98,23,15,2,1,37160,3543,676,1032,64,98
20200610,false,1053,100,24,15,2,1,38171,3639,1011,1039,96,99
20200611,false,1064,101,11,16,1,2,39481,3764,1310,1056,125,101
20200612,false,1092,104,28,15,3,1,41249,3933,1768,1074,169,102
20200613,false,1104,105,12,18,1,2,42676,4069,1427,1142,136,109
20200614,false,1109,106,5,16,0,2,44119,4207,1443,1150,138,110
20200615,false,1118,107,9,16,1,2,45102,4300,983,1225,94,117
20200616,false,1154,110,36,16,3,2,45853,4372,751,1231,72,117
20200617,false,1168,111,14,18,1,2,46855,4467,1002,1242,96,118
20200618,false,1175,112,7,16,1,2,48188,4595,1333,1241,127,118
20200619,false,1197,114,22,16,2,2,49840,4752,1652,1244,158,119
20200620,false,1212,116,15,15,1,1,51389,4900,1549,1227,148,117
20200621,false,1220,116,8,15,1,1,52801,5034,1412,1245,135,119
20200622,false,1223,117,3,16,0,2,53605,5111,804,1240,77,118
20200623,false,1251,119,28,15,3,1,54453,5192,848,1215,81,116
20200624,false,1266,121,15,14,1,1,56174,5356,1721,1229,164,117
20200625,false,1284,122,18,14,2,1,57183,5452,1009,1331,96,127
20200626,false,1303,124,19,16,2,2,58818,5608,1635,1285,156,123
20200627,false,1312,125,9,15,1,1,60537,5772,1719,1283,164,122
20200628,false,1322,126,10,14,1,1,62142,5925,1605,1307,153,125
20200629,false,1325,126,3,15,0,1,63484,6053,1342,1334,128,127
20200630,false,1343,128,18,15,2,1,64670,6166,1186,1411,113,135
20200701,false,1373,131,30,13,3,1,66513,6342,1843,1460,176,139
20200702,false,1391,133,18,15,2,1,68142,6497,1629,1477,155,141
20200703,false,1392,133,1,15,0,1,70241,6697,2099,1566,200,149
20200704,false,1395,133,3,13,0,1,71654,6832,1413,1632,135,156
20200705,false,1396,133,1,12,0,1,72983,6959,1329,1588,127,151
20200706,false,1398,133,2,11,0,1,74529,7106,1546,1549,147,148
20200707,false,1420,135,22,10,2,1,75875,7234,1346,1578,128,150
20200708,false,1441,137,21,11,2,1,77310,7371,1435,1601,137,153
20200709,false,1461,139,20,10,2,1,79349,7566,2039,1542,194,147
20200710,false,1479,141,18,10,2,1,81331,7755,1982,1601,189,153
20200711,false,1499,143,20,12,2,1,83793,7989,2462,1584,235,151
20200712,false,1503,143,4,15,0,1,85701,8171,1908,1734,182,165
20200713,false,1510,144,7,15,1,1,87528,8345,1827,1817,174,173
20200714,false,1552,148,42,16,4,2,89484,8532,1956,1857,186,177
20200715,false,1568,150,16,19,2,2,91266,8702,1782,1944,170,185
20200716,false,1588,151,20,18,2,2,93426,8908,2160,1994,206,190
20200717,false,1606,153,18,18,2,2,95477,9103,2051,2011,196,192
20200718,false,1629,155,23,18,2,2,97958,9340,2481,2021,237,193
20200719,false,1634,156,5,19,0,2,99778,9513,1820,2024,174,193
20200720,false,1642,157,8,19,1,2,101046,9634,1268,2011,121,192
20200721,false,1668,159,26,19,2,2,102861,9807,1815,1931,173,184
20200722,false,1698,162,30,17,3,2,105001,10011,2140,1911,204,182
20200723,false,1726,165,28,19,3,2,106893,10192,1892,1962,180,187
20200724,false,1746,166,20,20,2,2,108995,10392,2102,1924,200,183
20200725,false,1778,170,32,20,3,2,111092,10592,2097,1931,200,184
20200726,false,1785,170,7,21,1,2,112713,10747,1621,1876,155,179
20200727,false,1790,171,5,22,0,2,114338,10902,1625,1848,155,176
20200728,false,1820,174,30,21,3,2,116087,11068,1749,1899,167,181
20200729,false,1865,178,45,22,4,2,117850,11237,1763,1889,168,180
20200730,false,1903,181,38,24,4,2,120194,11460,2344,1836,223,175
20200731,false,1924,183,21,25,2,2,122148,11646,1954,1900,186,181
20200801,false,1964,187,40,25,4,2,123878,11811,1730,1879,165,179
20200802,false,1969,188,5,27,0,3,125219,11939,1341,1827,128,174
20200803,false,1982,189,13,26,1,2,126532,12064,1313,1787,125,170
20200804,false,2010,192,28,27,3,3,128161,12220,1629,1742,155,166
20200805,false,2050,195,40,27,4,3,129288,12327,1127,1725,107,164
20200806,false,2092,199,42,26,4,2,131267,12516,1979,1634,189,156
20200807,false,2134,203,42,27,4,3,132812,12663,1545,1582,147,151
20200808,false,2160,206,26,30,2,3,134766,12849,1954,1523,186,145
20200809,false,2168,207,8,28,1,3,136218,12988,1452,1555,138,148
20200810,false,2172,207,4,28,0,3,136844,13048,626,1571,60,150
20200811,false,2204,210,32,27,3,3,137895,13148,1051,1473,100,140
20200812,false,2249,214,45,28,4,3,139061,13259,1166,1391,111,133
20200813,false,2287,218,38,28,4,3,140824,13427,1763,1396,168,133
20200814,false,2313,221,26,28,2,3,142170,13555,1346,1365,128,130
20200815,false,2343,223,30,26,3,2,143706,13702,1536,1337,146,127
20200816,false,2347,224,4,26,0,2,144952,13821,1246,1277,119,122
20200817,false,2348,224,1,26,0,2,145516,13874,564,1248,54,119
20200818,false,2396,228,48,25,5,2,146779,13995,1263,1239,120,118
20200819,false,2431,232,35,27,3,3,147932,14105,1153,1269,110,121
20200820,false,2465,235,34,26,3,2,149904,14293,1972,1267,188,121
20200821,false,2494,238,29,25,3,2,151912,14484,2008,1297,191,124
20200822,false,2521,240,27,26,3,2,153641,14649,1729,1392,165,133
20200823,false,2531,241,10,25,1,2,155113,14789,1472,1419,140,135
20200824,false,2535,242,4,26,0,2,156396,14912,1283,1452,122,138
20200825,false,2570,245,35,27,3,3,157741,15040,1345,1554,128,148
20200826,false,2606,248,36,25,3,2,158985,15159,1244,1566,119,149
20200827,false,2630,251,24,25,2,2,161076,15358,2091,1579,199,151
20200828,false,2652,253,22,24,2,2,162491,15493,1415,1596,135,152
20200829,false,2683,256,31,23,3,2,165076,15739,2585,1511,246,144
20200830,false,2692,257,9,23,1,2,166127,15840,1051,1634,100,156
20200831,false,2702,258,10,23,1,2,167313,15953,1186,1573,113,150
20200901,false,2741,261,39,24,4,2,169424,16154,2111,1560,201,149
20200902,false,2779,265,38,24,4,2,170553,16262,1129,1669,108,159
20200903,false,2803,267,24,25,2,2,172209,16419,1656,1653,158,158
20200904,false,2839,271,36,25,3,2,174254,16614,2045,1590,195,152
20200905,false,2889,275,50,27,5,3,175815,16763,1561,1680,149,160
20200906,false,2890,276,1,29,0,3,176901,16867,1086,1534,104,146
20200907,false,2897,276,7,28,1,3,177919,16964,1018,1539,97,147
20200908,false,2909,277,12,28,1,3,178635,17032,716,1515,68,144
20200909,false,2958,282,49,24,5,2,179532,17118,897,1316,86,125
20200910,false,2990,285,32,26,3,2,180754,17234,1222,1283,117,122
20200911,false,3023,288,33,27,3,3,182286,17380,1532,1221,146,116
20200912,false,3047,291,24,26,2,2,183740,17519,1454,1147,139,109
20200913,false,3052,291,5,23,0,2,184936,17633,1196,1132,114,108
20200914,false,3060,292,8,23,1,2,185781,17714,845,1148,81,109
20200915,false,3111,297,51,23,5,2,186887,17819,1106,1123,105,107
20200916,false,3149,300,38,29,4,3,188024,17927,1137,1179,108,112
20200917,false,3180,303,31,27,3,3,189576,18075,1552,1213,148,116
20200918,false,3207,306,27,27,3,3,191019,18213,1443,1260,138,120
20200919,false,3235,308,28,26,3,2,192248,18330,1229,1248,117,119
20200920,false,3243,309,8,27,1,3,193581,18457,1333,1215,127,116
20200921,false,3247,310,4,27,0,3,194381,18534,800,1235,76,118
20200922,false,3286,313,39,27,4,3,195549,18645,1168,1229,111,117
20200923,false,3316,316,30,25,3,2,196501,18736,952,1237,91,118
20200924,false,3356,320,40,24,4,2,198189,18897,1688,1211,161,115
20200925,false,3409,325,53,25,5,2,204331,19482,6142,1230,586,117
20200926,false,3440,328,31,29,3,3,206090,19650,1759,1902,168,181
20200927,false,3441,328,1,29,0,3,207380,19773,1290,1977,123,188
20200928,false,3445,328,4,28,0,3,208248,19856,868,1971,83,188
20200929,false,3494,333,49,28,5,3,209137,19940,889,1981,85,189
20200930,false,3532,337,38,30,4,3,210632,20083,1495,1941,143,185
20201001,false,3579,341,47,31,4,3,212909,20300,2277,2019,217,193
20201002,false,3608,344,29,32,3,3,214684,20469,1775,2103,169,201
20201003,false,3629,346,21,28,2,3,216886,20679,2202,1479,210,141
20201004,false,3634,346,5,27,0,3,217496,20737,610,1542,58,147
20201005,false,3637,347,3,28,0,3,219754,20953,2258,1445,215,138
20201006,false,3670,350,33,27,3,3,221258,21096,1504,1644,143,157
20201007,false,3693,352,23,25,2,2,222969,21259,1711,1732,163,165
20201008,false,3722,355,29,23,3,2,225397,21491,2428,1762,232,168
20201009,false,3747,357,25,20,2,2,227431,21685,2034,1784,194,170
20201010,false,3765,359,18,20,2,2,229752,21906,2321,1821,221,174
20201011,false,3770,359,5,19,0,2,231471,22070,1719,1838,164,175
20201012,false,3773,360,3,19,0,2,232747,22192,1276,1996,122,190
20201013,false,3816,364,43,19,4,2,234481,22357,1734,1856,165,177
20201014,false,3856,368,40,21,4,2,236407,22541,1926,1889,184,180
20201015,false,3874,369,18,23,2,2,238939,22782,2532,1920,241,183
20201016,false,3910,373,36,22,3,2,241623,23038,2684,1935,256,184
20201017,false,3929,375,19,23,2,2,243725,23238,2102,2027,200,193
20201018,false,3934,375,5,23,0,2,246028,23458,2303,1996,220,190
20201019,false,3939,376,5,23,0,2,247172,23567,1144,2080,109,198
20201020,false,3992,381,53,24,5,2,248750,23717,1578,2061,150,197
20201021,false,4032,384,40,25,4,2,250592,23893,1842,2038,176,194
20201022,false,4082,389,50,25,5,2,252992,24122,2400,2026,229,193
20201023,false,4114,392,32,30,3,3,255708,24381,2716,2008,259,191
20201024,false,4144,395,30,29,3,3,258292,24627,2584,2012,246,192
20201025,false,4157,396,13,31,1,3,260099,24799,1807,2081,172,198
20201026,false,4170,398,13,32,1,3,261742,24956,1643,2010,157,192
20201027,false,4211,402,41,33,4,3,263883,25160,2141,2081,204,198
20201028,false,4245,405,34,31,3,3,266136,25375,2253,2162,215,206
20201029,false,4283,408,38,30,4,3,269021,25650,2885,2221,275,212
20201030,false,4332,413,49,29,5,3,271830,25918,2809,2290,268,218
20201031,false,4378,417,46,31,4,3,274635,26185,2805,2303,267,220
20201101,false,4383,418,5,33,0,3,276692,26382,2057,2335,196,223
20201102,false,4390,419,7,32,1,3,278028,26509,1336,2370,127,226
20201103,false,4457,425,67,31,6,3,280377,26733,2349,2327,224,222
20201104,false,4507,430,50,35,5,3,282802,26964,2425,2356,231,225
20201105,false,4548,434,41,37,4,4,285661,27237,2859,2381,273,227
20201106,false,4582,437,34,38,3,4,288569,27514,2908,2377,277,227
20201107,false,4605,439,23,36,2,3,291245,27769,2676,2391,255,228
20201108,false,4607,439,2,32,0,3,293339,27969,2094,2373,200,226
20201109,false,4615,440,8,32,1,3,294860,28114,1521,2378,145,227
20201110,false,4660,444,45,32,4,3,297442,28360,2582,2405,246,229
20201111,false,4698,448,38,29,4,3,300561,28657,3119,2438,297,232
20201112,false,4706,449,8,27,1,3,303454,28933,2893,2537,276,242
20201113,false,4720,450,14,23,1,2,305233,29103,1779,2542,170,242
20201114,true,4740,452,22,22,2,2,308000,29300,2560,2560,244,244
20201115,true,4760,454,21,21,2,2,310000,29600,2580,2580,246,246
20201116,true,4780,456,20,20,2,2,313000,29800,2600,2600,248,248
20201117,true,4800,458,20,20,2,2,316000,30100,2610,2610,249,249
20201118,true,4820,460,19,19,2,2,318000,30300,2630,2630,251,251
20201119,true,4840,462,18,18,2,2,321000,30600,2650,2650,253,253
20201120,true,4860,463,18,18,2,2,324000,30800,2670,2670,255,255
20201121,true,4880,465,17,17,2,2,326000,31100,2690,2690,256,256
20201122,true,4890,466,16,16,2,2,329000,31400,2710,2710,258,258
20201123,true,4910,468,16,16,1,1,332000,31600,2730,2730,260,260
20201124,true,4920,469,15,15,1,1,334000,31900,2750,2750,262,262
20201125,true,4940,471,14,14,1,1,337000,32100,2770,2770,264,264
20201126,true,4950,472,14,14,1,1,340000,32400,2790,2790,266,266
20201127,true,4960,473,13,13,1,1,343000,32700,2800,2800,267,267
