date,projected,deaths,deathsPerMillion,deathIncrease,deathIncreaseAverage,deathIncreasePerMillion,positive,positivePerMillion,positiveIncrease,positiveIncreaseAverage,positiveIncreasePerMillion
20200210,false,0,0,0,0,0,0,0,0,0,0
20200211,false,0,0,0,0,0,0,0,0,0,0
20200212,false,0,0,0,0,0,0,0,0,0,0
20200213,false,0,0,0,0,0,0,0,0,0,0
20200214,false,0,0,0,0,0,0,0,0,0,0
20200215,false,0,0,0,0,0,0,0,0,0,0
20200216,false,0,0,0,0,0,0,0,0,0,0
20200217,false,0,0,0,0,0,0,0,0,0,0
20200218,false,0,0,0,0,0,0,0,0,0,0
20200219,false,0,0,0,0,0,0,0,0,0,0
20200220,false,0,0,0,0,0,0,0,0,0,0
20200221,false,0,0,0,0,0,0,0,0,0,0
20200222,false,0,0,0,0,0,0,0,0,0,0
20200223,false,0,0,0,0,0,0,0,0,0,0
20200224,false,0,0,0,0,0,0,0,0,0,0
20200225,false,0,0,0,0,0,0,0,0,0,0
20200226,false,0,0,0,0,0,0,0,0,0,0
20200227,false,0,0,0,0,0,0,0,0,0,0
20200228,false,0,0,0,0,0,0,0,0,0,0
20200229,false,0,0,0,0,0,0,0,0,0,0
20200301,false,0,0,0,0,0,0,0,0,0,0
20200302,false,0,0,0,0,0,0,0,0,0,0
20200303,false,0,0,0,0,0,0,0,0,0,0
20200304,false,0,0,0,0,0,0,0,0,0,0
20200305,false,0,0,0,0,0,1,0,1,0,0
20200306,false,0,0,0,0,0,1,0,0,0,0
20200307,false,0,0,0,0,0,4,0,3,0,0
20200308,false,0,0,0,0,0,6,1,2,1,0
20200309,false,0,0,0,0,0,11,1,5,1,0
20200310,false,0,0,0,0,0,15,2,4,2,0
20200311,false,1,0,1,0,0,24,3,9,2,0
20200312,false,1,0,0,0,0,30,3,6,3,0
20200313,false,1,0,0,0,0,50,6,20,4,0
20200314,false,1,0,0,0,0,50,6,0,7,1
20200315,false,2,0,1,0,0,98,11,48,7,1
20200316,false,2,0,0,0,0,178,20,80,13,1
20200317,false,4,0,2,0,0,267,30,89,24,3
20200318,false,7,1,3,1,0,427,48,160,36,4
20200319,false,13,1,6,1,0,742,84,315,58,7
20200320,false,16,2,3,2,0,890,100,148,102,11
20200321,false,22,2,6,2,0,1327,149,437,120,14
20200322,false,29,3,7,3,0,1914,215,587,182,20
20200323,false,40,5,11,4,0,2844,320,930,259,29
20200324,false,60,7,20,5,1,3675,414,831,381,43
20200325,false,81,9,21,8,1,4402,496,727,487,55
20200326,false,108,12,27,11,1,6876,774,2474,568,64
20200327,false,140,16,32,14,2,8825,994,1949,876,99
20200328,false,191,22,51,18,2,11124,1252,2299,1134,128
20200329,false,217,24,26,24,3,13386,1507,2262,1400,158
20200330,false,266,30,49,27,3,16636,1873,3250,1639,185
20200331,false,364,41,98,32,4,18696,2105,2060,1970,222
20200401,false,475,53,111,43,5,22255,2506,3559,2146,242
20200402,false,680,77,205,56,6,25590,2881,3335,2550,287
20200403,false,816,92,136,82,9,29895,3366,4305,2673,301
20200404,false,1058,119,242,97,11,34124,3842,4229,3010,339
20200405,false,1184,133,126,124,14,37505,4222,3381,3286,370
20200406,false,1334,150,150,138,16,41090,4626,3585,3446,388
20200407,false,1631,184,297,153,17,44416,5001,3326,3493,393
20200408,false,1969,222,338,181,20,47437,5341,3021,3674,414
20200409,false,2236,252,267,213,24,51027,5745,3590,3597,405
20200410,false,2521,284,285,222,25,54588,6146,3561,3634,409
20200411,false,2844,320,323,244,27,58151,6547,3563,3528,397
20200412,false,3084,347,240,255,29,61850,6963,3699,3432,386
20200413,false,3248,366,164,271,31,64584,7271,2734,3478,392
20200414,false,3659,412,411,273,31,68824,7749,4240,3356,378
20200415,false,4068,458,409,290,33,71030,7997,2206,3487,393
20200416,false,4489,505,421,300,34,75317,8480,4287,3370,379
20200417,false,4853,546,364,322,36,78467,8834,3150,3470,391
20200418,false,5139,579,286,333,37,81420,9167,2953,3411,384
20200419,false,5310,598,171,328,37,85301,9604,3881,3324,374
20200420,false,5518,621,208,318,36,88806,9998,3505,3350,377
20200421,false,5932,668,414,324,36,92387,10401,3581,3460,390
20200422,false,6275,706,343,325,37,95865,10793,3478,3366,379
20200423,false,6607,744,332,315,35,99989,11257,4124,3548,399
20200424,false,6886,775,279,303,34,102196,11506,2207,3525,397
20200425,false,7166,807,280,290,33,105523,11880,3327,3390,382
20200426,false,7268,818,102,290,33,109038,12276,3515,3443,388
20200427,false,7407,834,139,280,32,111188,12518,2150,3391,382
20200428,false,7835,882,428,270,30,113856,12818,2668,3197,360
20200429,false,8184,921,349,272,31,116264,13090,2408,3067,345
20200430,false,8664,975,480,273,31,118652,13358,2388,2914,328
20200501,false,9000,1013,336,294,33,121190,13644,2538,2666,300
20200502,false,9225,1039,225,302,34,123717,13929,2527,2713,305
20200503,false,9380,1056,155,294,33,126744,14269,3027,2599,293
20200504,false,9442,1063,62,302,34,128269,14441,1525,2529,285
20200505,false,9783,1101,341,291,33,130593,14703,2324,2440,275
20200506,false,10104,1138,321,278,31,131890,14849,1297,2391,269
20200507,false,10368,1167,264,274,31,133635,15045,1745,2232,251
20200508,false,10538,1186,170,243,27,135454,15250,1819,2140,241
20200509,false,10715,1206,177,220,25,137085,15434,1631,2038,229
20200510,false,10866,1223,151,213,24,138532,15597,1447,1910,215
20200511,false,10926,1230,60,212,24,139945,15756,1413,1684,190
20200512,false,11138,1254,212,212,24,140743,15846,798,1668,188
20200513,false,11340,1277,202,194,22,141560,15938,817,1450,163
20200514,false,11592,1305,252,177,20,142704,16066,1144,1381,155
20200515,false,11789,1327,197,175,20,143905,16202,1201,1296,146
20200516,false,11903,1340,114,179,20,145089,16335,1184,1207,136
20200517,false,12013,1352,110,170,19,146334,16475,1245,1143,129
20200518,false,12096,1362,83,164,18,148039,16667,1705,1115,126
20200519,false,12248,1379,152,167,19,149013,16777,974,1156,130
20200520,false,12416,1398,168,159,18,150399,16933,1386,1181,133
20200521,false,12518,1409,102,154,17,151472,17053,1073,1263,142
20200522,false,12666,1426,148,132,15,152719,17194,1247,1253,141
20200523,false,12765,1437,99,125,14,153104,17237,385,1259,142
20200524,false,12819,1443,54,123,14,154154,17355,1050,1145,129
20200525,false,12834,1445,15,115,13,155092,17461,938,1117,126
20200526,false,12886,1451,52,105,12,155764,17537,672,1008,113
20200527,false,13037,1468,151,91,10,156628,17634,864,964,109
20200528,false,13104,1475,67,89,10,157815,17768,1187,890,100
20200529,false,13239,1491,135,84,9,158844,17883,1029,906,102
20200530,false,13345,1502,106,82,9,159608,17969,764,875,99
20200531,false,13412,1510,67,83,9,160445,18064,837,929,105
20200601,false,13438,1513,26,85,10,160918,18117,473,899,101
20200602,false,13490,1519,52,86,10,161545,18188,627,832,94
20200603,false,13602,1531,112,86,10,162068,18246,523,826,93
20200604,false,13697,1542,95,81,9,162530,18298,462,777,87
20200605,false,13779,1551,82,85,10,163336,18389,806,674,76
20200606,false,13837,1558,58,77,9,163893,18452,557,642,72
20200607,false,13908,1566,71,70,8,164164,18482,271,612,69
20200608,false,13947,1570,39,71,8,164497,18520,333,531,60
20200609,false,14040,1581,93,73,8,164796,18554,299,511,58
20200610,false,14116,1589,76,79,9,165346,18615,550,464,52
20200611,false,14183,1597,67,73,8,165816,18668,470,468,53
20200612,false,14232,1602,49,69,8,166164,18708,348,469,53
20200613,false,14335,1614,103,65,7,166605,18757,441,404,45
20200614,false,14372,1618,37,71,8,166881,18788,276,387,44
20200615,false,14424,1624,52,66,7,167103,18813,222,388,44
20200616,false,14476,1630,52,68,8,167426,18850,323,372,42
20200617,false,14518,1635,42,62,7,167703,18881,277,376,42
20200618,false,14550,1638,32,57,6,168107,18926,404,337,38
20200619,false,14585,1642,35,52,6,168496,18970,389,327,37
20200620,false,14608,1645,23,50,6,168834,19008,338,333,37
20200621,false,14623,1646,15,39,4,169142,19043,308,318,36
20200622,false,14651,1649,28,36,4,169415,19074,273,323,36
20200623,false,14707,1656,56,32,4,169734,19109,319,330,37
20200624,false,14753,1661,46,33,4,169892,19127,158,330,37
20200625,false,14776,1664,23,34,4,170196,19161,304,313,35
20200626,false,14819,1668,43,32,4,170584,19205,388,298,34
20200627,false,14855,1672,36,33,4,170873,19238,289,298,34
20200628,false,14882,1675,27,35,4,171182,19272,309,291,33
20200629,false,14901,1678,19,37,4,171272,19283,90,291,33
20200630,false,14944,1682,43,36,4,171667,19327,395,265,30
20200701,false,14987,1687,43,34,4,171928,19356,261,276,31
20200702,false,15014,1690,27,33,4,172356,19405,428,291,33
20200703,false,15072,1697,58,34,4,172742,19448,386,309,35
20200704,false,15097,1700,25,36,4,173033,19481,291,308,35
20200705,false,15119,1702,22,35,4,173402,19522,369,309,35
20200706,false,15138,1704,19,34,4,173611,19546,209,317,36
20200707,false,15191,1710,53,34,4,173878,19576,267,334,38
20200708,false,15243,1716,52,35,4,174039,19594,161,316,36
20200709,false,15268,1719,25,37,4,174240,19617,201,302,34
20200710,false,15299,1722,31,36,4,174628,19660,388,269,30
20200711,false,15345,1728,46,32,4,174959,19698,331,269,30
20200712,false,15361,1729,16,35,4,175298,19736,339,275,31
20200713,false,15380,1732,19,35,4,175522,19761,224,271,31
20200714,false,15402,1734,22,35,4,175915,19805,393,273,31
20200715,false,15427,1737,25,30,3,176278,19846,363,291,33
20200716,false,15458,1740,31,26,3,176501,19871,223,320,36
20200717,false,15477,1742,19,27,3,176551,19877,50,323,36
20200718,false,15492,1744,15,25,3,176814,19907,263,275,31
20200719,false,15500,1745,8,21,2,176783,19903,-31,265,30
20200720,false,15510,1746,10,20,2,176963,19923,180,212,24
20200721,false,15533,1749,23,19,2,177256,19956,293,206,23
20200722,false,15557,1751,24,19,2,177645,20000,389,192,22
20200723,false,15581,1754,24,19,2,177887,20027,242,195,22
20200724,false,15616,1758,35,18,2,178345,20079,458,198,22
20200725,false,15627,1759,11,20,2,178858,20137,513,256,29
20200726,false,15639,1761,12,19,2,179363,20194,505,292,33
20200727,false,15657,1763,18,20,2,179812,20244,449,369,42
20200728,false,15679,1765,22,21,2,180295,20298,483,407,46
20200729,false,15697,1767,18,21,2,180766,20352,471,434,49
20200730,false,15708,1768,11,20,2,180970,20374,204,446,50
20200731,false,15719,1770,11,18,2,181660,20452,690,440,50
20200801,false,15731,1771,12,15,2,182029,20494,369,474,53
20200802,false,15737,1772,6,15,2,182350,20530,321,453,51
20200803,false,15747,1773,10,14,2,182614,20560,264,427,48
20200804,false,15758,1774,11,13,1,182970,20600,356,400,45
20200805,false,15765,1775,7,11,1,183327,20640,357,382,43
20200806,false,15772,1776,7,10,1,183701,20682,374,366,41
20200807,false,15783,1777,11,9,1,184061,20722,360,390,44
20200808,false,15792,1778,9,9,1,184429,20764,368,343,39
20200809,false,15797,1779,5,9,1,184773,20803,344,343,39
20200810,false,15801,1779,4,9,1,185031,20832,258,346,39
20200811,false,15813,1780,12,8,1,185475,20882,444,345,39
20200812,false,15824,1782,11,8,1,185938,20934,463,358,40
20200813,false,15832,1782,8,8,1,186594,21008,656,373,42
20200814,false,15842,1784,10,9,1,187164,21072,570,413,46
20200815,false,15851,1785,9,8,1,187442,21103,278,443,50
20200816,false,15853,1785,2,8,1,187455,21105,13,430,48
20200817,false,15857,1785,4,8,1,187767,21140,312,383,43
20200818,false,15867,1786,10,8,1,188098,21177,331,391,44
20200819,false,15878,1788,11,8,1,188427,21214,329,375,42
20200820,false,15884,1788,6,8,1,188527,21225,100,356,40
20200821,false,15893,1789,9,7,1,188817,21258,290,276,31
20200822,false,15895,1790,2,7,1,189236,21305,419,236,27
20200823,false,15898,1790,3,6,1,189494,21334,258,256,29
20200824,false,15901,1790,3,6,1,189719,21359,225,291,33
20200825,false,15905,1791,4,6,1,190021,21393,302,279,31
20200826,false,15915,1792,10,5,1,190306,21426,285,275,31
20200827,false,15922,1793,7,5,1,190613,21460,307,268,30
20200828,false,15932,1794,10,5,1,190971,21500,358,298,34
20200829,false,15935,1794,3,6,1,191320,21540,349,308,35
20200830,false,15939,1794,4,6,1,191611,21572,291,298,34
20200831,false,15947,1795,8,6,1,191960,21612,349,302,34
20200901,false,15952,1796,5,7,1,192290,21649,330,320,36
20200902,false,15963,1797,11,7,1,192595,21683,305,324,36
20200903,false,15970,1798,7,7,1,192973,21726,378,327,37
20200904,false,15977,1799,7,7,1,193422,21776,449,337,38
20200905,false,15984,1800,7,6,1,193747,21813,325,350,39
20200906,false,15988,1800,4,7,1,194058,21848,311,347,39
20200907,false,15990,1800,2,7,1,194390,21885,332,350,39
20200908,false,15995,1801,5,6,1,194667,21917,277,347,39
20200909,false,16003,1802,8,6,1,194990,21953,323,340,38
20200910,false,16008,1802,5,6,1,195414,22001,424,342,39
20200911,false,16017,1803,9,5,1,195888,22054,474,349,39
20200912,false,16021,1804,4,6,1,196337,22105,449,352,40
20200913,false,16026,1804,5,5,1,196634,22138,297,370,42
20200914,false,16030,1805,4,5,1,196968,22176,334,368,41
20200915,false,16039,1806,9,6,1,197404,22225,436,368,41
20200916,false,16048,1807,9,6,1,197792,22268,388,391,44
20200917,false,16051,1807,3,6,1,198361,22332,569,400,45
20200918,false,16055,1808,4,6,1,198848,22387,487,421,47
20200919,false,16058,1808,3,5,1,199309,22439,461,423,48
20200920,false,16061,1808,3,5,1,199762,22490,453,425,48
20200921,false,16063,1808,2,5,1,200154,22534,392,447,50
20200922,false,16070,1809,7,5,1,200580,22582,426,455,51
20200923,false,16078,1810,8,4,0,200988,22628,408,454,51
20200924,false,16087,1811,9,4,0,201552,22692,564,457,51
20200925,false,16093,1812,6,5,1,202100,22753,548,456,51
20200926,false,16099,1813,6,5,1,202850,22838,750,465,52
20200927,false,16105,1813,6,6,1,203548,22916,698,506,57
20200928,false,16103,1813,-2,6,1,204107,22979,559,541,61
20200929,false,16113,1814,10,6,1,204563,23031,456,565,64
20200930,false,16122,1815,9,6,1,205275,23111,712,569,64
20201001,false,16127,1816,5,6,1,205889,23180,614,612,69
20201002,false,16131,1816,4,6,1,206629,23263,740,620,70
20201003,false,16135,1817,4,5,1,207576,23370,947,647,73
20201004,false,16136,1817,1,5,1,208202,23440,626,675,76
20201005,false,16138,1817,2,4,0,208713,23498,511,665,75
20201006,false,16147,1818,9,5,1,209342,23569,629,658,74
20201007,false,16152,1818,5,5,1,209850,23626,508,683,77
20201008,false,16160,1819,8,4,0,211148,23772,1298,654,74
20201009,false,16164,1820,4,5,1,212013,23869,865,751,85
20201010,false,16171,1821,7,5,1,212877,23967,864,769,87
20201011,false,16174,1821,3,5,1,213628,24051,751,757,85
20201012,false,16175,1821,1,5,1,214097,24104,469,775,87
20201013,false,16182,1822,7,5,1,215085,24215,988,769,87
20201014,false,16191,1823,9,5,1,216023,24321,938,820,92
20201015,false,16197,1824,6,6,1,216994,24430,971,882,99
20201016,false,16202,1824,5,5,1,217804,24521,810,835,94
20201017,false,16204,1824,2,5,1,218738,24627,934,827,93
20201018,false,16211,1825,7,5,1,220013,24770,1275,837,94
20201019,false,16214,1825,3,5,1,221205,24904,1192,912,103
20201020,false,16227,1827,13,6,1,222193,25016,988,1015,114
20201021,false,16245,1829,18,6,1,223223,25132,1030,1015,114
20201022,false,16263,1831,18,8,1,224385,25262,1162,1029,116
20201023,false,16273,1832,10,9,1,225430,25380,1045,1056,119
20201024,false,16281,1833,8,10,1,227339,25595,1909,1089,123
20201025,false,16285,1833,4,11,1,228468,25722,1129,1229,138
20201026,false,16292,1834,7,11,1,229684,25859,1216,1208,136
20201027,false,16306,1836,14,11,1,231331,26044,1647,1211,136
20201028,false,16324,1838,18,11,1,232997,26232,1666,1305,147
20201029,false,16332,1839,8,11,1,234547,26406,1550,1396,157
20201030,false,16339,1840,7,10,1,236523,26629,1976,1452,163
20201031,false,16350,1841,11,9,1,237886,26782,1363,1585,178
20201101,false,16354,1841,4,10,1,239629,26979,1743,1507,170
20201102,false,16357,1842,3,10,1,240997,27133,1368,1594,179
20201103,false,16375,1844,18,9,1,242825,27338,1828,1616,182
20201104,false,16391,1845,16,10,1,245257,27612,2432,1642,185
20201105,false,16403,1847,12,10,1,247219,27833,1962,1751,197
20201106,false,16416,1848,13,10,1,249380,28076,2161,1810,204
20201107,false,16425,1849,9,11,1,252582,28437,3202,1837,207
20201108,false,16429,1850,4,11,1,254595,28664,2013,2099,236
20201109,false,16440,1851,11,11,1,256653,28895,2058,2138,241
20201110,false,16461,1853,21,12,1,260430,29320,3777,2237,252
20201111,false,16476,1855,15,12,1,263495,29666,3065,2515,283
20201112,true,16488,1856,12,12,1,266070,29955,2575,2575,290
20201113,true,16500,1858,12,12,1,268707,30252,2637,2637,297
20201114,true,16513,1859,12,12,1,271407,30556,2700,2700,304
20201115,true,16525,1861,13,13,1,274172,30868,2765,2765,311
20201116,true,16538,1862,13,13,1,277002,31186,2831,2831,319
20201117,true,16551,1863,13,13,1,279901,31513,2899,2899,326
20201118,true,16564,1865,13,13,1,282869,31847,2968,2968,334
20201119,true,16577,1866,13,13,1,285908,32189,3039,3039,342
20201120,true,16590,1868,13,13,1,289019,32539,3112,3112,350
20201121,true,16603,1869,13,13,2,292206,32898,3186,3186,359
20201122,true,16617,1871,14,14,2,295468,33265,3262,3262,367
20201123,true,16631,1872,14,14,2,298809,33641,3341,3341,376
20201124,true,16644,1874,14,14,2,302229,34026,3421,3421,385
20201125,true,16658,1875,14,14,2,305732,34421,3502,3502,394
