date,projected,deaths,deathsPerMillion,deathIncrease,deathIncreaseAverage,deathIncreasePerMillion,deathIncreaseAveragePerMillion,positive,positivePerMillion,positiveIncrease,positiveIncreaseAverage,positiveIncreasePerMillion,positiveIncreaseAveragePerMillion
20200305,false,0,0,0,0,0,0,0,0,0,0,0,0
20200306,false,0,0,0,0,0,0,0,0,0,0,0,0
20200307,false,0,0,0,0,0,0,0,0,0,0,0,0
20200308,false,0,0,0,0,0,0,0,0,0,0,0,0
20200309,false,0,0,0,0,0,0,0,0,0,0,0,0
20200310,false,0,0,0,0,0,0,3,1,3,3,1,1
20200311,false,0,0,0,0,0,0,5,2,2,2,1,1
20200312,false,0,0,0,0,0,0,10,5,5,5,2,2
20200313,false,0,0,0,0,0,0,10,5,0,1,0,0
20200314,false,0,0,0,0,0,0,13,6,3,1,1,0
20200315,false,0,0,0,0,0,0,17,8,4,2,2,1
20200316,false,0,0,0,0,0,0,23,11,6,2,3,1
20200317,false,0,0,0,0,0,0,28,13,5,3,2,1
20200318,false,0,0,0,0,0,0,35,17,7,4,3,2
20200319,false,0,0,0,0,0,0,43,21,8,4,4,2
20200320,false,0,0,0,0,0,0,57,27,14,5,7,2
20200321,false,0,0,0,0,0,0,57,27,0,7,0,3
20200322,false,0,0,0,0,0,0,65,31,8,6,4,3
20200323,false,0,0,0,0,0,0,83,40,18,7,9,3
20200324,false,1,0,1,0,0,0,100,48,17,9,8,4
20200325,false,1,0,0,0,0,0,112,53,12,10,6,5
20200326,false,1,0,0,0,0,0,136,65,24,11,11,5
20200327,false,1,0,0,0,0,0,191,91,55,13,26,6
20200328,false,2,1,1,0,0,0,237,113,46,19,22,9
20200329,false,2,1,0,0,0,0,237,113,0,26,0,12
20200330,false,4,2,2,0,1,0,281,134,44,25,21,12
20200331,false,5,2,1,1,0,0,315,150,34,28,16,13
20200401,false,6,3,1,1,0,0,363,173,48,31,23,15
20200402,false,7,3,1,1,0,0,403,192,40,36,19,17
20200403,false,10,5,3,1,1,0,495,236,92,38,44,18
20200404,false,11,5,1,1,0,0,543,259,48,43,23,21
20200405,false,12,6,1,1,0,0,624,298,81,44,39,21
20200406,false,12,6,0,1,0,0,686,327,62,55,30,26
20200407,false,13,6,1,1,0,0,794,379,108,58,52,28
20200408,false,16,8,3,1,1,0,865,413,71,68,34,32
20200409,false,19,9,3,1,1,0,1091,520,226,72,108,34
20200410,false,19,9,0,2,0,1,1091,520,0,98,0,47
20200411,false,20,10,1,1,0,0,1174,560,83,85,40,41
20200412,false,26,12,6,1,3,0,1245,594,71,90,34,43
20200413,false,31,15,5,2,2,1,1345,641,100,89,48,42
20200414,false,36,17,5,3,2,1,1407,671,62,94,30,45
20200415,false,36,17,0,3,0,1,1484,708,77,88,37,42
20200416,false,44,21,8,3,4,1,1597,762,113,88,54,42
20200417,false,51,24,7,4,3,2,1711,816,114,72,54,34
20200418,false,53,25,2,5,1,2,1798,857,87,89,41,42
20200419,false,55,26,2,5,1,2,1845,880,47,89,22,42
20200420,false,58,28,3,4,1,2,1971,940,126,86,60,41
20200421,false,65,31,7,4,3,2,2072,988,101,89,48,42
20200422,false,71,34,6,4,3,2,2210,1054,138,95,66,45
20200423,false,78,37,7,5,3,2,2379,1135,169,104,81,50
20200424,false,84,40,6,5,3,2,2521,1202,142,112,68,53
20200425,false,93,44,9,5,4,2,2660,1269,139,116,66,55
20200426,false,99,47,6,6,3,3,2726,1300,66,123,31,59
20200427,false,104,50,5,6,2,3,2823,1346,97,126,46,60
20200428,false,110,52,6,7,3,3,2974,1418,151,122,72,58
20200429,false,112,53,2,6,1,3,3213,1532,239,129,114,62
20200430,false,123,59,11,6,5,3,3411,1627,198,143,94,68
20200501,false,131,62,8,6,4,3,3513,1675,102,147,49,70
20200502,false,139,66,8,7,4,3,3732,1780,219,142,104,68
20200503,false,151,72,12,7,6,3,3850,1836,118,153,56,73
20200504,false,156,74,5,7,2,3,4031,1922,181,161,86,77
20200505,false,162,77,6,7,3,3,4138,1973,107,173,51,83
20200506,false,169,81,7,7,3,3,4291,2046,153,166,73,79
20200507,false,172,82,3,8,1,4,4493,2143,202,154,96,73
20200508,false,181,86,9,7,4,3,4673,2229,180,155,86,74
20200509,false,191,91,10,7,5,3,4778,2279,105,166,50,79
20200510,false,200,95,9,7,4,3,4863,2319,85,149,41,71
20200511,false,208,99,8,7,4,3,5069,2417,206,145,98,69
20200512,false,219,104,11,7,5,3,5212,2486,143,148,68,71
20200513,false,231,110,12,8,6,4,5364,2558,152,153,72,73
20200514,false,242,115,11,9,5,4,5503,2624,139,153,66,73
20200515,false,253,121,11,10,5,5,5662,2700,159,144,76,69
20200516,false,259,124,6,10,3,5,5847,2788,185,141,88,67
20200517,false,265,126,6,10,3,5,5938,2832,91,153,43,73
20200518,false,270,129,5,9,2,4,6096,2907,158,154,75,73
20200519,false,276,132,6,9,3,4,6192,2953,96,147,46,70
20200520,false,283,135,7,8,3,4,6317,3013,125,140,60,67
20200521,false,294,140,11,7,5,3,6472,3087,155,136,74,65
20200522,false,302,144,8,7,4,3,6625,3160,153,138,73,66
20200523,false,308,147,6,7,3,3,6795,3241,170,138,81,66
20200524,false,317,151,9,7,4,3,6943,3311,148,135,71,64
20200525,false,320,153,3,7,1,3,7026,3351,83,144,40,69
20200526,false,325,155,5,7,2,3,7130,3400,104,133,50,63
20200527,false,329,157,4,7,2,3,7252,3459,122,134,58,64
20200528,false,335,160,6,7,3,3,7364,3512,112,134,53,64
20200529,false,344,164,9,6,4,3,7493,3573,129,127,62,61
20200530,false,351,167,7,6,3,3,7624,3636,131,124,62,59
20200531,false,356,170,5,6,2,3,7689,3667,65,118,31,56
20200601,false,362,173,6,6,3,3,7800,3720,111,107,53,51
20200602,false,367,175,5,6,2,3,8024,3827,224,111,107,53
20200603,false,375,179,8,6,4,3,8140,3882,116,128,55,61
20200604,false,383,183,8,7,4,3,8353,3984,213,127,102,61
20200605,false,387,185,4,7,2,3,8672,4136,319,141,152,67
20200606,false,392,187,5,6,2,3,8800,4197,128,168,61,80
20200607,false,396,189,4,6,2,3,8940,4264,140,168,67,80
20200608,false,400,191,4,6,2,3,9062,4322,122,179,58,85
20200609,false,404,193,4,5,2,2,9105,4342,43,180,21,86
20200610,false,410,196,6,5,3,2,9250,4411,145,154,69,73
20200611,false,420,200,10,5,5,2,9367,4467,117,159,56,76
20200612,false,426,203,6,5,3,2,9526,4543,159,145,76,69
20200613,false,431,206,5,6,2,3,9621,4588,95,122,45,58
20200614,false,435,207,4,6,2,3,9723,4637,102,117,49,56
20200615,false,440,210,5,6,2,3,9845,4695,122,112,58,53
20200616,false,447,213,7,6,3,3,9933,4737,88,112,42,53
20200617,false,452,216,5,6,2,3,10065,4800,132,118,63,56
20200618,false,456,217,4,6,2,3,10153,4842,88,116,42,55
20200619,false,464,221,8,5,4,2,10260,4893,107,112,51,53
20200620,false,466,222,2,5,1,2,10430,4974,170,105,81,50
20200621,false,469,224,3,5,1,2,10565,5039,135,116,64,55
20200622,false,469,224,0,5,0,2,10694,5100,129,120,62,57
20200623,false,476,227,7,4,3,2,10838,5169,144,121,69,58
20200624,false,480,229,4,4,2,2,10990,5241,152,129,72,62
20200625,false,485,231,5,4,2,2,11192,5338,202,132,96,63
20200626,false,489,233,4,4,2,2,11408,5441,216,148,103,71
20200627,false,491,234,2,4,1,2,11619,5541,211,164,101,78
20200628,false,492,235,1,4,0,2,11809,5632,190,170,91,81
20200629,false,493,235,1,3,0,1,11982,5714,173,178,83,85
20200630,false,497,237,4,3,2,1,12147,5793,165,184,79,88
20200701,false,500,238,3,3,1,1,12276,5855,129,187,62,89
20200702,false,503,240,3,3,1,1,12520,5971,244,184,116,88
20200703,false,511,244,8,3,4,1,12776,6093,256,190,122,91
20200704,false,513,245,2,3,1,1,13063,6230,287,195,137,93
20200705,false,513,245,0,3,0,1,13256,6322,193,206,92,98
20200706,false,515,246,2,3,1,1,13507,6442,251,207,120,99
20200707,false,519,248,4,3,2,1,13727,6547,220,218,105,104
20200708,false,527,251,8,3,4,1,14017,6685,290,226,138,108
20200709,false,533,254,6,4,3,2,14251,6796,234,249,112,119
20200710,false,539,257,6,4,3,2,14549,6939,298,247,142,118
20200711,false,543,259,4,4,2,2,14773,7045,224,253,107,121
20200712,false,545,260,2,4,1,2,15028,7167,255,244,122,116
20200713,false,548,261,3,5,1,2,15291,7292,263,253,125,121
20200714,false,551,263,3,5,1,2,15514,7399,223,255,106,122
20200715,false,557,266,6,5,3,2,15841,7555,327,255,156,122
20200716,false,562,268,5,4,2,2,16138,7696,297,261,142,124
20200717,false,565,269,3,4,1,2,16456,7848,318,270,152,129
20200718,false,569,271,4,4,2,2,16736,7982,280,272,134,130
20200719,false,571,272,2,4,1,2,16971,8094,235,280,112,134
20200720,false,578,276,7,4,3,2,17215,8210,244,278,116,133
20200721,false,588,280,10,4,5,2,17517,8354,302,275,144,131
20200722,false,591,282,3,5,1,2,17828,8502,311,286,148,136
20200723,false,596,284,5,5,2,2,18163,8662,335,284,160,135
20200724,false,601,287,5,5,2,2,18475,8811,312,289,149,138
20200725,false,607,289,6,5,3,2,18788,8960,313,288,149,137
20200726,false,614,293,7,5,3,2,19042,9081,254,293,121,140
20200727,false,619,295,5,6,2,3,19502,9301,460,296,219,141
20200728,false,626,299,7,6,3,3,19791,9439,289,327,138,156
20200729,false,632,301,6,5,3,2,20136,9603,345,325,165,155
20200730,false,635,303,3,6,1,3,20388,9723,252,330,120,157
20200731,false,642,306,7,6,3,3,20600,9824,212,318,101,152
20200801,false,651,310,9,6,4,3,20796,9918,196,304,93,145
20200802,false,654,312,3,6,1,3,21016,10023,220,287,105,137
20200803,false,655,312,1,6,0,3,21130,10077,114,282,54,134
20200804,false,658,314,3,5,1,2,21340,10177,210,233,100,111
20200805,false,667,318,9,5,4,2,21566,10285,226,221,108,105
20200806,false,669,319,2,5,1,2,21773,10384,207,204,99,97
20200807,false,675,322,6,5,3,2,21965,10475,192,198,92,94
20200808,false,681,325,6,5,3,2,22115,10547,150,195,72,93
20200809,false,685,327,4,4,2,2,22315,10642,200,188,95,90
20200810,false,690,329,5,4,2,2,22444,10704,129,186,62,89
20200811,false,693,330,3,5,1,2,22643,10799,199,188,95,90
20200812,false,695,331,2,5,1,2,22816,10881,173,186,83,89
20200813,false,697,332,2,4,1,2,22987,10963,171,179,82,85
20200814,false,703,335,6,4,3,2,23160,11045,173,173,83,83
20200815,false,711,339,8,4,4,2,23302,11113,142,171,68,82
20200816,false,714,341,3,4,1,2,23408,11164,106,170,51,81
20200817,false,718,342,4,4,2,2,23500,11207,92,156,44,74
20200818,false,723,345,5,4,2,2,23579,11245,79,151,38,72
20200819,false,729,348,6,4,3,2,23749,11326,170,134,81,64
20200820,false,734,350,5,5,2,2,23951,11422,202,133,96,63
20200821,false,739,352,5,5,2,2,24095,11491,144,138,69,66
20200822,false,743,354,4,5,2,2,24302,11590,207,134,99,64
20200823,false,745,355,2,5,1,2,24396,11635,94,143,45,68
20200824,false,747,356,2,4,1,2,24469,11670,73,141,35,67
20200825,false,750,358,3,4,1,2,24535,11701,66,138,31,66
20200826,false,755,360,5,4,2,2,24732,11795,197,137,94,65
20200827,false,764,364,9,4,4,2,24920,11885,188,140,90,67
20200828,false,767,366,3,4,1,2,25042,11943,122,138,58,66
20200829,false,769,367,2,4,1,2,25178,12008,136,135,65,64
20200830,false,770,367,1,4,0,2,25283,12058,105,125,50,60
20200831,false,779,372,9,4,4,2,25352,12091,69,127,33,61
20200901,false,787,375,8,5,4,2,25460,12142,108,126,52,60
20200902,false,790,377,3,5,1,2,25612,12215,152,132,72,63
20200903,false,791,377,1,5,0,2,25812,12310,200,126,95,60
20200904,false,794,379,3,4,1,2,25902,12353,90,127,43,61
20200905,false,800,382,6,4,3,2,26048,12423,146,123,70,59
20200906,false,803,383,3,4,1,2,26107,12451,59,124,28,59
20200907,false,807,385,4,5,2,2,26144,12468,37,118,18,56
20200908,false,807,385,0,4,0,2,26181,12486,37,113,18,54
20200909,false,813,388,6,3,3,1,26268,12527,87,103,41,49
20200910,false,816,389,3,3,1,1,26429,12604,161,94,77,45
20200911,false,818,390,2,4,1,2,26563,12668,134,88,64,42
20200912,false,821,392,3,3,1,1,26661,12715,98,94,47,45
20200913,false,823,392,2,3,1,1,26761,12763,100,88,48,42
20200914,false,823,392,0,3,0,1,26842,12801,81,93,39,44
20200915,false,830,396,7,2,3,1,26923,12840,81,100,39,48
20200916,false,832,397,2,3,1,1,27041,12896,118,106,56,51
20200917,false,836,399,4,3,2,1,27199,12971,158,110,75,52
20200918,false,841,401,5,3,2,1,27350,13044,151,110,72,52
20200919,false,847,404,6,3,3,1,27512,13121,162,112,77,53
20200920,false,849,405,2,4,1,2,27579,13153,67,122,32,58
20200921,false,851,406,2,4,1,2,27683,13202,104,117,50,56
20200922,false,854,407,3,4,1,2,27790,13253,107,120,51,57
20200923,false,857,409,3,3,1,1,27987,13347,197,124,94,59
20200924,false,859,410,2,4,1,2,28224,13460,237,135,113,64
20200925,false,865,413,6,3,3,1,28487,13586,263,146,125,70
20200926,false,870,415,5,3,2,1,28692,13684,205,162,98,77
20200927,false,870,415,0,3,0,1,28844,13756,152,169,72,81
20200928,false,873,416,3,3,1,1,28985,13823,141,181,67,86
20200929,false,875,417,2,3,1,1,29157,13905,172,186,82,89
20200930,false,877,418,2,3,1,1,29435,14038,278,195,133,93
20201001,false,882,421,5,3,2,1,29661,14146,226,207,108,99
20201002,false,887,423,5,3,2,1,30000,14307,339,205,162,98
20201003,false,890,424,3,3,1,1,30296,14448,296,216,141,103
20201004,false,892,425,2,3,1,1,30477,14535,181,229,86,109
20201005,false,894,426,2,3,1,1,30632,14609,155,233,74,111
20201006,false,894,426,0,3,0,1,30947,14759,315,235,150,112
20201007,false,896,427,2,3,1,1,31372,14962,425,256,203,122
20201008,false,899,429,3,3,1,1,31756,15145,384,277,183,132
20201009,false,902,430,3,2,1,1,32241,15376,485,299,231,143
20201010,false,907,433,5,2,2,1,32722,15605,481,320,229,153
20201011,false,911,434,4,2,2,1,32983,15730,261,347,124,165
20201012,false,915,436,4,3,2,1,33362,15911,379,358,181,171
20201013,false,918,438,3,3,1,1,33713,16078,351,390,167,186
20201014,false,921,439,3,3,1,1,34290,16353,577,395,275,188
20201015,false,922,440,1,4,0,2,34958,16672,668,417,319,199
20201016,false,928,443,6,3,3,1,35770,17059,812,457,387,218
20201017,false,929,443,1,4,0,2,36343,17332,573,504,273,240
20201018,false,934,445,5,3,2,1,36788,17545,445,517,212,247
20201019,false,935,446,1,3,0,1,37302,17790,514,544,245,259
20201020,false,942,449,7,3,3,1,37896,18073,594,563,283,269
20201021,false,950,453,8,3,4,1,38715,18464,819,598,391,285
20201022,false,953,454,3,4,1,2,39377,18779,662,632,316,301
20201023,false,960,458,7,4,3,2,40168,19157,791,631,377,301
20201024,false,965,460,5,5,2,2,41040,19572,872,628,416,299
20201025,false,967,461,2,5,1,2,41863,19965,823,671,392,320
20201026,false,976,465,9,5,4,2,42586,20310,723,725,345,346
20201027,false,980,467,4,6,2,3,43169,20588,583,755,278,360
20201028,false,991,473,11,5,5,2,43826,20901,657,753,313,359
20201029,false,994,474,3,6,1,3,44904,21415,1078,730,514,348
20201030,false,1007,480,13,6,6,3,45909,21894,1005,790,479,377
20201031,false,1018,485,11,7,5,3,46490,22172,581,820,277,391
20201101,false,1026,489,8,8,4,4,47232,22525,742,779,354,372
20201102,false,1036,494,10,8,5,4,48104,22941,872,767,416,366
20201103,false,1045,498,9,9,4,4,49240,23483,1136,788,542,376
20201104,false,1059,505,14,9,7,4,50251,23965,1011,867,482,413
20201105,false,1082,516,23,10,11,5,51110,24375,859,918,410,438
20201106,false,1088,519,6,13,3,6,52394,24987,1284,887,612,423
20201107,false,1104,527,16,12,8,6,53671,25596,1277,926,609,442
20201108,false,1118,533,14,12,7,6,54881,26173,1210,1026,577,489
20201109,false,1130,539,12,13,6,6,56289,26845,1408,1093,671,521
20201110,false,1144,546,14,13,7,6,57547,27445,1258,1169,600,558
20201111,false,1158,552,14,14,7,7,59034,28154,1487,1187,709,566
20201112,false,1176,561,18,14,9,7,60776,28985,1742,1255,831,599
20201113,false,1198,571,22,13,10,6,62006,29571,1230,1381,587,659
20201114,false,1208,576,10,16,5,8,63171,30127,1165,1373,556,655
20201115,false,1215,579,7,15,3,7,64201,30618,1030,1357,491,647
20201116,false,1236,589,21,14,10,7,65454,31216,1253,1331,598,635
20201117,false,1264,603,28,15,13,7,67559,32220,2105,1309,1004,624
20201118,false,1290,615,26,17,12,8,70451,33599,2892,1430,1379,682
20201119,false,1302,621,12,19,6,9,74116,35347,3665,1631,1748,778
20201120,false,1325,632,23,18,11,9,77098,36769,2982,1906,1422,909
20201121,false,1350,644,25,18,12,9,79440,37886,2342,2156,1117,1028
20201122,false,1383,660,33,20,16,10,81896,39057,2456,2324,1171,1108
20201123,false,1400,668,17,24,8,11,84148,40131,2252,2528,1074,1206
20201124,false,1428,681,28,23,13,11,86247,41132,2099,2671,1001,1274
20201125,false,1451,692,23,23,11,11,88102,42017,1855,2670,885,1273
20201126,false,1469,701,18,23,9,11,89796,42825,1694,2522,808,1203
20201127,false,1504,717,35,24,17,11,91852,43805,2056,2240,981,1068
20201128,false,1527,728,23,26,11,12,93982,44821,2130,2108,1016,1005
20201129,false,1540,734,13,25,6,12,95417,45505,1435,2077,684,991
20201130,false,1568,748,28,22,13,10,97095,46306,1678,1932,800,921
20201201,false,1589,758,21,24,10,11,99419,47414,2324,1850,1108,882
20201202,false,1629,777,40,23,19,11,100963,48150,1544,1882,736,898
20201203,false,1673,798,44,25,21,12,102862,49056,1899,1837,906,876
20201204,false,1706,814,33,29,16,14,104935,50045,2073,1867,989,890
20201205,false,1738,829,32,29,15,14,106856,50961,1921,1869,916,891
20201206,false,1749,834,11,30,5,14,108088,51548,1232,1839,588,877
20201207,false,1756,837,7,30,3,14,109947,52435,1859,1810,887,863
20201208,false,1789,853,33,27,16,13,111202,53033,1255,1836,599,876
20201209,false,1823,869,34,29,16,14,112950,53867,1748,1683,834,803
20201210,false,1846,880,23,28,11,13,114731,54716,1781,1712,849,816
20201211,false,1889,901,43,25,21,12,116565,55591,1834,1696,875,809
20201212,false,1913,912,24,26,11,12,118358,56446,1793,1661,855,792
20201213,false,1957,933,44,25,21,12,119800,57134,1442,1643,688,784
20201214,false,1978,943,21,30,10,14,121299,57849,1499,1673,715,798
20201215,false,2006,957,28,32,13,15,122557,58449,1258,1622,600,774
20201216,false,2049,977,43,31,21,15,124357,59307,1800,1622,858,774
20201217,false,2097,1000,48,32,23,15,126045,60112,1688,1630,805,777
20201218,false,2128,1015,31,36,15,17,127500,60806,1455,1616,694,771
20201219,false,2155,1028,27,34,13,16,128930,61488,1430,1562,682,745
20201220,false,2171,1035,16,35,8,17,129993,61995,1063,1510,507,720
20201221,true,2210,1050,35,35,17,17,132000,62700,1520,1520,726,726
20201222,true,2240,1070,35,35,17,17,133000,63400,1500,1500,717,717
20201223,true,2280,1090,36,36,17,17,135000,64100,1480,1480,708,708
20201224,true,2310,1100,37,37,18,18,136000,64800,1460,1460,699,699
20201225,true,2350,1120,37,37,18,18,137000,65500,1450,1450,690,690
20201226,true,2390,1140,38,38,18,18,139000,66200,1430,1430,681,681
20201227,true,2430,1160,38,38,18,18,140000,66900,1410,1410,672,672
20201228,true,2470,1180,39,39,19,19,142000,67600,1390,1390,663,663
20201229,true,2510,1200,40,40,19,19,143000,68200,1370,1370,654,654
20201230,true,2550,1210,40,40,19,19,144000,68800,1350,1350,645,645
20201231,true,2590,1230,41,41,20,20,146000,69500,1330,1330,636,636
20210101,true,2630,1250,42,42,20,20,147000,70100,1320,1320,627,627
20210102,true,2670,1270,42,42,20,20,148000,70700,1300,1300,618,618
20210103,true,2710,1290,43,43,20,20,150000,71300,1280,1280,609,609
