date,projected,deaths,deathsPerMillion,deathIncrease,deathIncreaseAverage,deathIncreasePerMillion,deathIncreaseAveragePerMillion,positive,positivePerMillion,positiveIncrease,positiveIncreaseAverage,positiveIncreasePerMillion,positiveIncreaseAveragePerMillion
20200305,false,0,0,0,0,0,0,1,0,0,0,0,0
20200306,false,0,0,0,0,0,0,3,1,2,2,1,1
20200307,false,0,0,0,0,0,0,4,1,1,1,0,0
20200308,false,0,0,0,0,0,0,4,1,0,0,0,0
20200309,false,0,0,0,0,0,0,5,2,1,1,0,0
20200310,false,0,0,0,0,0,0,5,2,0,0,0,0
20200311,false,0,0,0,0,0,0,9,3,4,4,1,1
20200312,false,0,0,0,0,0,0,12,4,3,3,1,1
20200313,false,0,0,0,0,0,0,22,7,10,2,3,1
20200314,false,0,0,0,0,0,0,34,11,12,3,4,1
20200315,false,1,0,1,0,0,0,45,15,11,4,4,1
20200316,false,1,0,0,0,0,0,63,20,18,6,6,2
20200317,false,1,0,0,0,0,0,73,24,10,8,3,3
20200318,false,2,1,1,0,0,0,78,25,5,10,2,3
20200319,false,3,1,1,0,0,0,101,33,23,10,7,3
20200320,false,3,1,0,0,0,0,109,35,8,13,3,4
20200321,false,5,2,2,0,1,0,124,40,15,12,5,4
20200322,false,7,2,2,1,1,0,154,50,30,13,10,4
20200323,false,8,3,1,1,0,0,190,62,36,16,12,5
20200324,false,13,4,5,1,2,0,278,90,88,18,29,6
20200325,false,13,4,0,2,0,1,321,104,43,29,14,9
20200326,false,17,6,4,2,1,1,420,136,99,35,32,11
20200327,false,21,7,4,2,1,1,535,174,115,46,37,15
20200328,false,25,8,4,3,1,1,621,202,86,61,28,20
20200329,false,28,9,3,3,1,1,738,240,117,71,38,23
20200330,false,32,10,4,3,1,1,996,323,258,83,84,27
20200331,false,37,12,5,3,2,1,1113,361,117,115,38,37
20200401,false,45,15,8,3,3,1,1279,415,166,119,54,39
20200402,false,51,17,6,5,2,2,1458,473,179,137,58,44
20200403,false,59,19,8,5,3,2,1514,492,56,148,18,48
20200404,false,70,23,11,5,4,2,1742,566,228,140,74,45
20200405,false,76,25,6,6,2,2,1836,596,94,160,31,52
20200406,false,79,26,3,7,1,2,1953,634,117,157,38,51
20200407,false,91,30,12,7,4,2,2087,678,134,137,44,44
20200408,false,101,33,10,8,3,3,2318,753,231,139,75,45
20200409,false,110,36,9,8,3,3,2456,797,138,148,45,48
20200410,false,120,39,10,8,3,3,2584,839,128,143,42,46
20200411,false,125,41,5,9,2,3,2700,877,116,153,38,50
20200412,false,128,42,3,8,1,3,2836,921,136,137,44,44
20200413,false,133,43,5,7,2,2,2971,965,135,143,44,46
20200414,false,141,46,8,8,3,3,3088,1003,117,145,38,47
20200415,false,150,49,9,7,3,2,3211,1042,123,143,40,46
20200416,false,158,51,8,7,3,2,3321,1078,110,128,36,42
20200417,false,162,53,4,7,1,2,3524,1144,203,124,66,40
20200418,false,168,55,6,6,2,2,3626,1177,102,134,33,44
20200419,false,172,56,4,6,1,2,3728,1210,102,132,33,43
20200420,false,180,58,8,6,3,2,3830,1243,102,127,33,41
20200421,false,193,63,13,7,4,2,3937,1278,107,123,35,40
20200422,false,201,65,8,7,3,2,4081,1325,144,121,47,39
20200423,false,210,68,9,7,3,2,4208,1366,127,124,41,40
20200424,false,216,70,6,7,2,2,4398,1428,190,127,62,41
20200425,false,229,74,13,8,4,3,4539,1474,141,125,46,41
20200426,false,235,76,6,9,2,3,4602,1494,63,130,20,42
20200427,false,245,80,10,9,3,3,4690,1523,88,125,29,41
20200428,false,251,81,6,9,2,3,4805,1560,115,123,37,40
20200429,false,257,83,6,8,2,3,4898,1590,93,124,30,40
20200430,false,269,87,12,8,4,3,4998,1623,100,117,32,38
20200501,false,277,90,8,8,3,3,5227,1697,229,113,74,37
20200502,false,281,91,4,9,1,3,5311,1724,84,118,27,38
20200503,false,287,93,6,7,2,2,5423,1761,112,110,36,36
20200504,false,292,95,5,7,2,2,5491,1783,68,117,22,38
20200505,false,297,96,5,7,2,2,5594,1816,103,114,33,37
20200506,false,311,101,14,7,5,2,5663,1839,69,113,22,37
20200507,false,320,104,9,8,3,3,5766,1872,103,109,33,35
20200508,false,328,106,8,7,3,2,5884,1910,118,110,38,36
20200509,false,334,108,6,7,2,2,6028,1957,144,94,47,31
20200510,false,339,110,5,8,2,3,6098,1980,70,102,23,33
20200511,false,344,112,5,7,2,2,6152,1997,54,96,18,31
20200512,false,350,114,6,7,2,2,6311,2049,159,94,52,31
20200513,false,355,115,5,8,2,3,6394,2076,83,102,27,33
20200514,false,358,116,3,6,1,2,6499,2110,105,104,34,34
20200515,false,368,119,10,5,3,2,6614,2147,115,105,37,34
20200516,false,369,120,1,6,0,2,6709,2178,95,104,31,34
20200517,false,375,122,6,5,2,2,6857,2226,148,97,48,31
20200518,false,383,124,8,5,3,2,6906,2242,49,108,16,35
20200519,false,390,127,7,6,2,2,7046,2288,140,108,45,35
20200520,false,393,128,3,6,1,2,7166,2327,120,105,39,34
20200521,false,397,129,4,5,1,2,7255,2355,89,110,29,36
20200522,false,400,130,3,6,1,2,7401,2403,146,108,47,35
20200523,false,404,131,4,5,1,2,7696,2499,295,112,96,36
20200524,false,408,132,4,5,1,2,7770,2523,74,141,24,46
20200525,false,410,133,2,5,1,2,7879,2558,109,130,35,42
20200526,false,412,134,2,4,1,1,7997,2596,118,139,38,45
20200527,false,416,135,4,3,1,1,8113,2634,116,136,38,44
20200528,false,425,138,9,3,3,1,8208,2665,95,135,31,44
20200529,false,435,141,10,4,3,1,8350,2711,142,136,46,44
20200530,false,439,143,4,5,1,2,8495,2758,145,136,47,44
20200531,false,444,144,5,5,2,2,8593,2790,98,114,32,37
20200601,false,445,144,1,5,0,2,8688,2821,95,118,31,38
20200602,false,452,147,7,5,2,2,8830,2867,142,116,46,38
20200603,false,455,148,3,6,1,2,8931,2900,101,119,33,39
20200604,false,460,149,5,6,2,2,9090,2951,159,117,52,38
20200605,false,460,149,0,5,0,2,9266,3008,176,126,57,41
20200606,false,463,150,3,4,1,1,9460,3071,194,131,63,43
20200607,false,465,151,2,3,1,1,9649,3133,189,138,61,45
20200608,false,469,152,4,3,1,1,9786,3177,137,151,44,49
20200609,false,472,153,3,3,1,1,10030,3256,244,157,79,51
20200610,false,474,154,2,3,1,1,10164,3300,134,171,44,56
20200611,false,475,154,1,3,0,1,10399,3376,235,176,76,57
20200612,false,475,154,0,2,0,1,10676,3466,277,187,90,61
20200613,false,478,155,3,2,1,1,10946,3554,270,201,88,65
20200614,false,479,156,1,2,0,1,11173,3627,227,212,74,69
20200615,false,483,157,4,2,1,1,11279,3662,106,218,34,71
20200616,false,485,157,2,2,1,1,11658,3785,379,213,123,69
20200617,false,486,158,1,2,0,1,11842,3845,184,233,60,76
20200618,false,489,159,3,2,1,1,12076,3921,234,240,76,78
20200619,false,491,159,2,2,1,1,12486,4054,410,240,133,78
20200620,false,491,159,0,2,0,1,12931,4198,445,259,144,84
20200621,false,492,160,1,2,0,1,13205,4287,274,284,89,92
20200622,false,492,160,0,2,0,1,13535,4394,330,290,107,94
20200623,false,492,160,0,1,0,0,13997,4544,462,322,150,105
20200624,false,494,160,2,1,1,0,14592,4737,595,334,193,108
20200625,false,495,161,1,1,0,0,15479,5025,887,393,288,128
20200626,false,498,162,3,1,1,0,15860,5149,381,486,124,158
20200627,false,500,162,2,1,1,0,16339,5305,479,482,156,156
20200628,false,500,162,0,1,0,0,17160,5571,821,487,267,158
20200629,false,504,164,4,1,1,0,17894,5809,734,565,238,183
20200630,false,507,165,3,2,1,1,18456,5992,562,623,182,202
20200701,false,511,166,4,2,1,1,19101,6201,645,637,209,207
20200702,false,525,170,14,2,5,1,19733,6406,632,644,205,209
20200703,false,528,171,3,4,1,1,20718,6726,985,608,320,197
20200704,false,530,172,2,4,1,1,21575,7005,857,694,278,225
20200705,false,534,173,4,4,1,1,22418,7278,843,748,274,243
20200706,false,537,174,3,5,1,2,22909,7438,491,751,159,244
20200707,false,548,178,11,5,4,2,23785,7722,876,716,284,232
20200708,false,553,180,5,6,2,2,24301,7890,516,761,168,247
20200709,false,571,185,18,6,6,2,24904,8085,603,743,196,241
20200710,false,579,188,8,7,3,2,25908,8411,1004,739,326,240
20200711,false,592,192,13,7,4,2,26838,8713,930,741,302,241
20200712,false,593,193,1,9,0,3,27683,8988,845,752,274,244
20200713,false,593,193,0,8,0,3,28515,9258,832,752,270,244
20200714,false,612,199,19,8,6,3,29619,9616,1104,801,358,260
20200715,false,618,201,6,9,2,3,30468,9892,849,833,276,270
20200716,false,626,203,8,9,3,3,31915,10361,1447,881,470,286
20200717,false,637,207,11,8,4,3,33295,10810,1380,1002,448,325
20200718,false,646,210,9,8,3,3,34477,11193,1182,1055,384,343
20200719,false,647,210,1,8,0,3,35765,11611,1288,1091,418,354
20200720,false,648,210,1,8,0,3,36713,11919,948,1155,308,375
20200721,false,676,219,28,8,9,3,37528,12184,815,1171,265,380
20200722,false,704,229,28,9,9,3,38657,12550,1129,1130,367,367
20200723,false,709,230,5,12,2,4,39919,12960,1262,1170,410,380
20200724,false,722,234,13,12,4,4,40885,13274,966,1143,314,371
20200725,false,732,238,10,12,3,4,41816,13576,931,1084,302,352
20200726,false,734,238,2,12,1,4,42834,13906,1018,1048,331,340
20200727,false,739,240,5,12,2,4,43831,14230,997,1010,324,328
20200728,false,759,246,20,13,6,4,44936,14589,1105,1017,359,330
20200729,false,780,253,21,12,7,4,45806,14871,870,1058,282,343
20200730,false,801,260,21,11,7,4,46824,15202,1018,1021,331,331
20200731,false,830,269,29,13,9,4,48088,15612,1264,986,410,320
20200801,false,832,270,2,15,1,5,49074,15932,986,1029,320,334
20200802,false,832,270,0,14,0,5,50205,16299,1131,1037,367,337
20200803,false,847,275,15,14,5,5,51199,16622,994,1053,323,342
20200804,false,862,280,15,15,5,5,52179,16940,980,1053,318,342
20200805,false,890,289,28,15,9,5,52828,17151,649,1035,211,336
20200806,false,900,292,10,16,3,5,53557,17388,729,1003,237,326
20200807,false,920,299,20,14,6,5,54533,17705,976,962,317,312
20200808,false,949,308,29,13,9,4,55419,17992,886,921,288,299
20200809,false,957,311,8,17,3,6,56230,18256,811,906,263,294
20200810,false,963,313,6,18,2,6,56972,18496,742,861,241,280
20200811,false,981,318,18,17,6,6,57520,18674,548,825,178,268
20200812,false,996,323,15,17,5,6,58048,18846,528,763,171,248
20200813,false,1030,334,34,15,11,5,58650,19041,602,746,195,242
20200814,false,1045,339,15,19,5,6,59749,19398,1099,728,357,236
20200815,false,1069,347,24,18,8,6,60608,19677,859,745,279,242
20200816,false,1072,348,3,17,1,6,61305,19903,697,741,226,241
20200817,false,1077,350,5,16,2,5,61967,20118,662,725,215,235
20200818,false,1102,358,25,16,8,5,62639,20336,672,714,218,232
20200819,false,1134,368,32,17,10,6,63028,20463,389,731,126,237
20200820,false,1172,381,38,20,12,6,63584,20643,556,711,181,231
20200821,false,1185,385,13,20,4,6,64433,20919,849,705,276,229
20200822,false,1197,389,12,20,4,6,65069,21125,636,669,206,217
20200823,false,1197,389,0,18,0,6,65601,21298,532,637,173,207
20200824,false,1200,390,3,18,1,6,66010,21431,409,614,133,199
20200825,false,1230,399,30,18,10,6,66413,21562,403,578,131,188
20200826,false,1250,406,20,18,6,6,66666,21644,253,539,82,175
20200827,false,1271,413,21,17,7,6,67220,21824,554,520,180,169
20200828,false,1287,418,16,14,5,5,67852,22029,632,519,205,168
20200829,false,1302,423,15,15,5,5,68461,22226,609,488,198,158
20200830,false,1302,423,0,15,0,5,68908,22372,447,485,145,157
20200831,false,1305,424,3,15,1,5,69228,22475,320,472,104,153
20200901,false,1313,426,8,15,3,5,69633,22607,405,460,131,149
20200902,false,1336,434,23,12,7,4,69872,22685,239,460,78,149
20200903,false,1363,443,27,12,9,4,70223,22799,351,458,114,149
20200904,false,1375,446,12,13,4,4,70712,22957,489,429,159,139
20200905,false,1388,451,13,13,4,4,71102,23084,390,409,127,133
20200906,false,1389,451,1,12,0,4,71610,23249,508,377,165,122
20200907,false,1393,452,4,12,1,4,71967,23365,357,386,116,125
20200908,false,1393,452,0,13,0,4,72104,23409,137,391,44,127
20200909,false,1412,458,19,11,6,4,72258,23459,154,353,50,115
20200910,false,1429,464,17,11,6,4,72546,23553,288,341,94,111
20200911,false,1439,467,10,9,3,3,72806,23637,260,332,84,108
20200912,false,1449,470,10,9,3,3,73220,23772,414,299,134,97
20200913,false,1452,471,3,9,1,3,73537,23874,317,303,103,98
20200914,false,1456,473,4,9,1,3,73814,23964,277,275,90,89
20200915,false,1482,481,26,9,8,3,74040,24038,226,264,73,86
20200916,false,1494,485,12,13,4,4,74248,24105,208,277,68,90
20200917,false,1506,489,12,12,4,4,74595,24218,347,284,113,92
20200918,false,1524,495,18,11,6,4,75096,24381,501,293,163,95
20200919,false,1528,496,4,12,1,4,75419,24485,323,327,105,106
20200920,false,1531,497,3,11,1,4,75804,24610,385,314,125,102
20200921,false,1531,497,0,11,0,4,76036,24686,232,324,75,105
20200922,false,1546,502,15,11,5,4,76298,24771,262,317,85,103
20200923,false,1556,505,10,9,3,3,76807,24936,509,323,165,105
20200924,false,1564,508,8,9,3,3,77197,25063,390,366,127,119
20200925,false,1573,511,9,8,3,3,77753,25243,556,372,181,121
20200926,false,1582,514,9,7,3,2,78355,25439,602,380,195,123
20200927,false,1585,515,3,8,1,3,78728,25560,373,419,121,136
20200928,false,1585,515,0,8,0,3,79191,25710,463,418,150,136
20200929,false,1593,517,8,8,3,3,79595,25841,404,451,131,146
20200930,false,1600,519,7,7,2,2,79980,25966,385,471,125,153
20201001,false,1603,520,3,6,1,2,80410,26106,430,453,140,147
20201002,false,1609,522,6,6,2,2,81182,26356,772,459,251,149
20201003,false,1620,526,11,5,4,2,81708,26527,526,490,171,159
20201004,false,1623,527,3,5,1,2,82100,26654,392,479,127,156
20201005,false,1623,527,0,5,0,2,82437,26764,337,482,109,156
20201006,false,1629,529,6,5,2,2,82916,26919,479,464,156,151
20201007,false,1636,531,7,5,2,2,83347,27059,431,474,140,154
20201008,false,1649,535,13,5,4,2,83827,27215,480,481,156,156
20201009,false,1657,538,8,7,3,2,84593,27464,766,488,249,158
20201010,false,1659,539,2,7,1,2,85399,27726,806,487,262,158
20201011,false,1661,539,2,6,1,2,85779,27849,380,527,123,171
20201012,false,1664,540,3,5,1,2,86348,28034,569,526,185,171
20201013,false,1674,543,10,6,3,2,86835,28192,487,559,158,181
20201014,false,1691,549,17,6,6,2,87314,28347,479,560,156,182
20201015,false,1698,551,7,8,2,3,87969,28560,655,567,213,184
20201016,false,1707,554,9,7,3,2,88685,28792,716,592,232,192
20201017,false,1707,554,0,7,0,2,89652,29106,967,585,314,190
20201018,false,1710,555,3,7,1,2,90261,29304,609,608,198,197
20201019,false,1712,556,2,7,1,2,90843,29493,582,640,189,208
20201020,false,1727,561,15,7,5,2,91499,29706,656,642,213,208
20201021,false,1732,562,5,8,2,3,92064,29889,565,666,183,216
20201022,false,1736,564,4,6,1,2,92853,30146,789,679,256,220
20201023,false,1738,564,2,5,1,2,93666,30409,813,698,264,227
20201024,false,1743,566,5,4,2,1,94812,30782,1146,712,372,231
20201025,false,1748,568,5,5,2,2,95703,31071,891,737,289,239
20201026,false,1749,568,1,5,0,2,96178,31225,475,777,154,252
20201027,false,1756,570,7,5,2,2,96908,31462,730,762,237,247
20201028,false,1766,573,10,4,3,1,97479,31647,571,773,185,251
20201029,false,1769,574,3,5,1,2,98554,31996,1075,774,349,251
20201030,false,1777,577,8,5,3,2,99786,32396,1232,814,400,264
20201031,false,1777,577,0,6,0,2,100763,32714,977,874,317,284
20201101,false,1781,578,4,5,1,2,101479,32946,716,850,232,276
20201102,false,1784,579,3,5,1,2,102114,33152,635,825,206,268
20201103,false,1807,587,23,5,7,2,103025,33448,911,848,296,275
20201104,false,1814,589,7,7,2,2,104093,33795,1068,874,347,284
20201105,false,1824,592,10,7,3,2,105360,34206,1267,945,411,307
20201106,false,1845,599,21,8,7,3,106922,34713,1562,972,507,316
20201107,false,1850,601,5,10,2,3,108746,35305,1824,1019,592,331
20201108,false,1851,601,1,10,0,3,110022,35720,1276,1140,414,370
20201109,false,1852,601,1,10,0,3,110982,36031,960,1220,312,396
20201110,false,1859,604,7,10,2,3,112304,36460,1322,1267,429,411
20201111,false,1877,609,18,7,6,2,113411,36820,1107,1326,359,430
20201112,true,1884,612,7,7,2,2,114787,37266,1376,1376,447,447
20201113,true,1892,614,7,7,2,2,116214,37730,1427,1427,463,463
20201114,true,1899,617,8,8,2,2,117694,38210,1481,1481,481,481
20201115,true,1907,619,8,8,3,3,119230,38709,1536,1536,499,499
20201116,true,1915,622,8,8,3,3,120824,39226,1593,1593,517,517
20201117,true,1923,624,8,8,3,3,122477,39763,1653,1653,537,537
20201118,true,1932,627,8,8,3,3,124191,40320,1715,1715,557,557
20201119,true,1940,630,9,9,3,3,125971,40897,1779,1779,578,578
20201120,true,1949,633,9,9,3,3,127816,41497,1846,1846,599,599
20201121,true,1958,636,9,9,3,3,129731,42118,1915,1915,622,622
20201122,true,1968,639,9,9,3,3,131717,42763,1986,1986,645,645
20201123,true,1977,642,10,10,3,3,133778,43432,2061,2061,669,669
20201124,true,1987,645,10,10,3,3,135916,44126,2138,2138,694,694
20201125,true,1998,649,10,10,3,3,138134,44846,2218,2218,720,720
