date,projected,deaths,deathsPerMillion,deathIncrease,deathIncreaseAverage,deathIncreasePerMillion,deathIncreaseAveragePerMillion,positive,positivePerMillion,positiveIncrease,positiveIncreaseAverage,positiveIncreasePerMillion,positiveIncreaseAveragePerMillion
20200304,false,0,0,0,0,0,0,6,0,0,0,0,0
20200305,false,0,0,0,0,0,0,22,1,16,16,1,1
20200306,false,0,0,0,0,0,0,33,2,11,11,1,1
20200307,false,0,0,0,0,0,0,76,4,43,43,2,2
20200308,false,0,0,0,0,0,0,105,5,29,29,1,1
20200309,false,0,0,0,0,0,0,142,7,37,37,2,2
20200310,false,0,0,0,0,0,0,173,9,31,31,2,2
20200311,false,0,0,0,0,0,0,216,11,43,43,2,2
20200312,false,0,0,0,0,0,0,216,11,0,30,0,2
20200313,false,0,0,0,0,0,0,421,22,205,28,11,1
20200314,false,0,0,0,0,0,0,524,27,103,55,5,3
20200315,false,3,0,3,0,0,0,729,37,205,64,11,3
20200316,false,7,0,4,0,0,0,950,49,221,89,11,5
20200317,false,7,0,0,1,0,0,1700,87,750,115,39,6
20200318,false,12,1,5,1,0,0,2382,122,682,218,35,11
20200319,false,12,1,0,2,0,0,4152,213,1770,309,91,16
20200320,false,35,2,23,2,1,0,7102,365,2950,562,152,29
20200321,false,44,2,9,5,0,0,10356,532,3254,954,167,49
20200322,false,114,6,70,6,4,0,15168,780,4812,1405,247,72
20200323,false,114,6,0,16,0,1,20875,1073,5707,2063,293,106
20200324,false,210,11,96,15,5,1,25665,1319,4790,2846,246,146
20200325,false,285,15,75,29,4,1,30811,1584,5146,3424,265,176
20200326,false,385,20,100,39,5,2,37258,1915,6447,4061,331,209
20200327,false,519,27,134,53,7,3,44635,2294,7377,4729,379,243
20200328,false,728,37,209,69,11,4,52318,2689,7683,5362,395,276
20200329,false,965,50,237,98,12,5,59513,3059,7195,5995,370,308
20200330,false,1218,63,253,122,13,6,66497,3418,6984,6335,359,326
20200331,false,1550,80,332,158,17,8,75795,3896,9298,6517,478,335
20200401,false,1941,100,391,191,20,10,83712,4303,7917,7161,407,368
20200402,false,2373,122,432,237,22,12,92381,4749,8669,7557,446,388
20200403,false,2935,151,562,284,29,15,102863,5288,10482,7875,539,405
20200404,false,3565,183,630,345,32,18,113704,5845,10841,8318,557,428
20200405,false,4159,214,594,405,31,21,122031,6273,8327,8769,428,451
20200406,false,4758,245,599,456,31,23,130689,6718,8658,8931,445,459
20200407,false,5489,282,731,506,38,26,138863,7138,8174,9170,420,471
20200408,false,6268,322,779,563,40,29,149316,7676,10453,9010,537,463
20200409,false,7067,363,799,618,41,32,159937,8221,10621,9372,546,482
20200410,false,7844,403,777,671,40,34,170512,8765,10575,9651,544,496
20200411,false,8627,443,783,701,40,36,180458,9276,9946,9664,511,497
20200412,false,9385,482,758,723,39,37,188694,9700,8236,9536,423,490
20200413,false,10056,517,671,747,34,38,195031,10025,6337,9523,326,490
20200414,false,10834,557,778,757,40,39,202208,10394,7177,9192,369,473
20200415,false,11586,596,752,764,39,39,213779,10989,11571,9049,595,465
20200416,false,12192,627,606,760,31,39,222284,11426,8505,9209,437,473
20200417,false,12822,659,630,732,32,38,229642,11805,7358,8907,378,458
20200418,false,13362,687,540,711,28,37,236732,12169,7090,8447,364,434
20200419,false,13869,713,507,676,26,35,242786,12480,6054,8039,311,413
20200420,false,14347,737,478,641,25,33,247512,12723,4726,7727,243,397
20200421,false,14828,762,481,613,25,32,251690,12938,4178,7497,215,385
20200422,false,15302,787,474,571,24,29,257216,13222,5526,7069,284,363
20200423,false,15740,809,438,531,23,27,263460,13543,6244,6205,321,319
20200424,false,16162,831,422,507,22,26,271590,13961,8130,5882,418,302
20200425,false,16599,853,437,477,22,25,282143,14503,10553,5993,542,308
20200426,false,16966,872,367,462,19,24,288045,14807,5902,6487,303,333
20200427,false,17303,889,337,442,17,23,291996,15010,3951,6466,203,332
20200428,false,17638,907,335,422,17,22,295106,15170,3110,6355,160,327
20200429,false,18015,926,377,401,19,21,299691,15405,4585,6202,236,319
20200430,false,18321,942,306,388,16,20,304372,15646,4681,6068,241,312
20200501,false,18610,957,289,369,15,19,308314,15849,3942,5845,203,300
20200502,false,18909,972,299,350,15,18,312977,16088,4663,5246,240,270
20200503,false,19189,986,280,330,14,17,316415,16265,3438,4405,177,226
20200504,false,19415,998,226,318,12,16,318953,16396,2538,4053,130,208
20200505,false,19645,1010,230,302,12,16,321192,16511,2239,3851,115,198
20200506,false,19877,1022,232,287,12,15,323978,16654,2786,3727,143,192
20200507,false,20828,1071,951,266,49,14,327649,16843,3671,3470,189,178
20200508,false,21045,1082,217,358,11,18,330407,16984,2758,3325,142,171
20200509,false,21271,1093,226,348,12,18,333122,17124,2715,3156,140,162
20200510,false,21478,1104,207,337,11,17,335395,17241,2273,2878,117,148
20200511,false,21640,1112,162,327,8,17,337055,17326,1660,2711,85,139
20200512,false,21845,1123,205,318,11,16,338485,17400,1430,2586,74,133
20200513,false,22013,1132,168,314,9,16,340661,17511,2176,2470,112,127
20200514,false,22170,1140,157,305,8,16,343051,17634,2390,2383,123,122
20200515,false,22304,1147,134,192,7,10,345813,17776,2762,2200,142,113
20200516,false,22478,1155,174,180,9,9,348232,17901,2419,2201,124,113
20200517,false,22619,1163,141,172,7,9,350121,17998,1889,2159,97,111
20200518,false,22729,1168,110,163,6,8,351371,18062,1250,2104,64,108
20200519,false,22843,1174,114,156,6,8,352845,18138,1474,2045,76,105
20200520,false,22976,1181,133,143,7,7,354370,18216,1525,2051,78,105
20200521,false,23083,1187,107,138,6,7,356458,18324,2088,1958,107,101
20200522,false,23195,1192,112,130,6,7,358154,18411,1696,1915,87,98
20200523,false,23282,1197,87,127,4,7,359926,18502,1772,1763,91,91
20200524,false,23391,1202,109,115,6,6,361515,18583,1589,1671,82,86
20200525,false,23488,1207,97,110,5,6,362764,18648,1249,1628,64,84
20200526,false,23564,1211,76,108,4,6,363836,18703,1072,1628,55,84
20200527,false,23643,1215,79,103,4,5,364965,18761,1129,1570,58,81
20200528,false,23722,1219,79,95,4,5,366733,18852,1768,1514,91,78
20200529,false,23780,1222,58,91,3,5,368284,18931,1551,1468,80,75
20200530,false,23848,1226,68,84,3,4,369660,19002,1376,1447,71,74
20200531,false,23905,1229,57,81,3,4,370770,19059,1110,1391,57,72
20200601,false,23959,1232,54,73,3,4,371711,19108,941,1322,48,68
20200602,false,24023,1235,64,67,3,3,373040,19176,1329,1278,68,66
20200603,false,24079,1238,56,66,3,3,374085,19230,1045,1315,54,68
20200604,false,24133,1241,54,62,3,3,375133,19284,1048,1303,54,67
20200605,false,24175,1243,42,59,2,3,376208,19339,1075,1200,55,62
20200606,false,24212,1245,37,56,2,3,377316,19396,1108,1132,57,58
20200607,false,24259,1247,47,52,2,3,378097,19436,781,1094,40,56
20200608,false,24299,1249,40,51,2,3,378799,19472,702,1047,36,54
20200609,false,24348,1252,49,49,3,3,379482,19507,683,1013,35,52
20200610,false,24404,1254,56,46,3,2,380156,19542,674,920,35,47
20200611,false,24442,1256,38,46,2,2,380892,19580,736,867,38,45
20200612,false,24495,1259,53,44,3,2,381714,19622,822,823,42,42
20200613,false,24527,1261,32,46,2,2,382630,19669,916,787,47,40
20200614,false,24551,1262,24,45,1,2,383324,19705,694,759,36,39
20200615,false,24579,1263,28,42,1,2,383944,19736,620,747,32,38
20200616,false,24608,1265,29,40,1,2,384575,19769,631,735,32,38
20200617,false,24629,1266,21,37,1,2,385142,19798,567,728,29,37
20200618,false,24661,1268,32,32,2,2,385760,19830,618,712,32,37
20200619,false,24686,1269,25,31,1,2,386556,19871,796,695,41,36
20200620,false,24710,1270,24,27,1,1,387272,19908,716,692,37,36
20200621,false,24725,1271,15,26,1,1,387936,19942,664,663,34,34
20200622,false,24739,1272,14,25,1,1,388488,19970,552,659,28,34
20200623,false,24766,1273,27,23,1,1,389085,20001,597,649,31,33
20200624,false,24782,1274,16,23,1,1,389666,20031,581,644,30,33
20200625,false,24800,1275,18,22,1,1,390415,20069,749,646,39,33
20200626,false,24814,1276,14,20,1,1,391220,20110,805,665,41,34
20200627,false,24830,1276,16,18,1,1,391923,20147,703,666,36,34
20200628,false,24835,1277,5,17,0,1,392539,20178,616,664,32,34
20200629,false,24842,1277,7,16,0,1,392930,20198,391,658,20,34
20200630,false,24855,1278,13,15,1,1,393454,20225,524,635,27,33
20200701,false,24866,1278,11,13,1,1,394079,20257,625,624,32,32
20200702,false,24877,1279,11,12,1,1,394954,20302,875,630,45,32
20200703,false,24885,1279,8,11,0,1,395872,20350,918,648,47,33
20200704,false,24896,1280,11,10,1,1,396598,20387,726,665,37,34
20200705,false,24904,1280,8,9,0,0,397131,20414,533,668,27,34
20200706,false,24913,1281,9,10,0,1,397649,20441,518,656,27,34
20200707,false,24924,1281,11,10,1,1,398237,20471,588,674,30,35
20200708,false,24944,1282,20,10,1,1,398929,20507,692,683,36,35
20200709,false,24959,1283,15,11,1,1,399513,20537,584,693,30,36
20200710,false,24968,1283,9,12,0,1,400299,20577,786,651,40,33
20200711,false,24974,1284,6,12,0,1,401029,20615,730,632,38,32
20200712,false,24979,1284,5,11,0,1,401706,20649,677,633,35,33
20200713,false,24989,1285,10,11,1,1,402263,20678,557,654,29,34
20200714,false,24994,1285,5,11,0,1,403175,20725,912,659,47,34
20200715,false,25003,1285,9,10,0,1,404006,20768,831,705,43,36
20200716,false,25014,1286,11,8,1,0,404775,20807,769,725,40,37
20200717,false,25024,1286,10,8,1,0,405551,20847,776,752,40,39
20200718,false,25035,1287,11,8,1,0,406305,20886,754,750,39,39
20200719,false,25048,1288,13,9,1,0,406807,20912,502,754,26,39
20200720,false,25056,1288,8,10,0,1,407326,20938,519,729,27,37
20200721,false,25058,1288,2,10,0,1,408181,20982,855,723,44,37
20200722,false,25068,1289,10,9,1,0,408886,21019,705,715,36,37
20200723,false,25081,1289,13,9,1,0,409697,21060,811,697,42,36
20200724,false,25090,1290,9,10,0,1,410450,21099,753,703,39,36
20200725,false,25103,1290,13,9,1,0,411200,21138,750,700,39,36
20200726,false,25106,1291,3,10,0,1,411736,21165,536,699,28,36
20200727,false,25117,1291,11,8,1,0,412344,21196,608,704,31,36
20200728,false,25126,1292,9,9,0,0,412878,21224,534,717,27,37
20200729,false,25132,1292,6,10,0,1,413593,21261,715,671,37,34
20200730,false,25145,1293,13,9,1,0,414370,21300,777,672,40,35
20200731,false,25150,1293,5,9,0,0,415014,21334,644,668,33,34
20200801,false,25164,1294,14,9,1,0,415767,21372,753,652,39,34
20200802,false,25170,1294,6,9,0,0,416298,21400,531,652,27,34
20200803,false,25172,1294,2,9,0,0,416843,21428,545,652,28,34
20200804,false,25175,1294,3,8,0,0,417589,21466,746,643,38,33
20200805,false,25179,1294,4,7,0,0,418225,21499,636,673,33,35
20200806,false,25185,1295,6,7,0,0,418928,21535,703,662,36,34
20200807,false,25190,1295,5,6,0,0,419642,21571,714,651,37,33
20200808,false,25195,1295,5,6,0,0,420345,21608,703,661,36,34
20200809,false,25202,1295,7,4,0,0,420860,21634,515,654,26,34
20200810,false,25204,1296,2,5,0,0,421336,21659,476,652,24,34
20200811,false,25211,1296,7,5,0,0,422003,21693,667,642,34,33
20200812,false,25218,1296,7,5,0,0,422703,21729,700,631,36,32
20200813,false,25228,1297,10,6,1,0,423440,21767,737,640,38,33
20200814,false,25232,1297,4,6,0,0,424167,21804,727,645,37,33
20200815,false,25244,1298,12,6,1,0,424901,21842,734,646,38,33
20200816,false,25250,1298,6,7,0,0,425508,21873,607,651,31,33
20200817,false,25256,1298,6,7,0,0,425916,21894,408,664,21,34
20200818,false,25264,1299,8,7,0,0,426571,21928,655,654,34,34
20200819,false,25270,1299,6,8,0,0,427202,21960,631,653,32,34
20200820,false,25275,1299,5,7,0,0,427803,21991,601,643,31,33
20200821,false,25278,1299,3,7,0,0,428512,22027,709,623,36,32
20200822,false,25282,1300,4,7,0,0,429165,22061,653,621,34,32
20200823,false,25288,1300,6,5,0,0,429737,22090,572,609,29,31
20200824,false,25295,1300,7,5,0,0,430145,22111,408,604,21,31
20200825,false,25297,1300,2,6,0,0,430774,22144,629,604,32,31
20200826,false,25305,1301,8,5,0,0,431340,22173,566,600,29,31
20200827,false,25309,1301,4,5,0,0,432131,22213,791,591,41,30
20200828,false,25312,1301,3,5,0,0,432767,22246,636,618,33,32
20200829,false,25319,1302,7,5,0,0,433402,22279,635,608,33,31
20200830,false,25327,1302,8,5,0,0,434100,22315,698,605,36,31
20200831,false,25328,1302,1,6,0,0,434756,22348,656,623,34,32
20200901,false,25331,1302,3,5,0,0,435510,22387,754,659,39,34
20200902,false,25336,1302,5,5,0,0,436218,22424,708,677,36,35
20200903,false,25343,1303,7,4,0,0,437107,22469,889,697,46,36
20200904,false,25348,1303,5,5,0,0,437971,22514,864,711,44,37
20200905,false,25350,1303,2,5,0,0,438772,22555,801,743,41,38
20200906,false,25359,1304,9,4,0,0,439501,22592,729,767,37,39
20200907,false,25361,1304,2,5,0,0,440021,22619,520,772,27,40
20200908,false,25367,1304,6,5,0,0,440578,22648,557,752,29,39
20200909,false,25370,1304,3,5,0,0,441154,22677,576,724,30,37
20200910,false,25377,1304,7,5,0,0,441911,22716,757,705,39,36
20200911,false,25382,1305,5,5,0,0,442791,22761,880,686,45,35
20200912,false,25384,1305,2,5,0,0,443640,22805,849,689,44,35
20200913,false,25390,1305,6,5,0,0,444365,22842,725,695,37,36
20200914,false,25394,1305,4,4,0,0,444948,22872,583,695,30,36
20200915,false,25405,1306,11,5,1,0,445714,22912,766,704,39,36
20200916,false,25410,1306,5,5,0,0,446366,22945,652,734,34,38
20200917,false,25413,1306,3,6,0,0,447262,22991,896,745,46,38
20200918,false,25423,1307,10,5,1,0,448052,23032,790,764,41,39
20200919,false,25425,1307,2,6,0,0,449038,23083,986,752,51,39
20200920,false,25427,1307,2,6,0,0,449900,23127,862,771,44,40
20200921,false,25428,1307,1,5,0,0,450473,23156,573,791,29,41
20200922,false,25432,1307,4,5,0,0,451227,23195,754,789,39,41
20200923,false,25437,1308,5,4,0,0,451892,23229,665,788,34,41
20200924,false,25439,1308,2,4,0,0,452847,23278,955,789,49,41
20200925,false,25446,1308,7,4,0,0,453755,23325,908,798,47,41
20200926,false,25450,1308,4,3,0,0,454760,23377,1005,815,52,42
20200927,false,25456,1309,6,4,0,0,455626,23421,866,817,45,42
20200928,false,25468,1309,12,4,1,0,456460,23464,834,818,43,42
20200929,false,25470,1309,2,6,0,0,457649,23525,1189,855,61,44
20200930,false,25479,1310,9,5,0,0,458649,23577,1000,917,51,47
20201001,false,25490,1310,11,6,1,0,460031,23648,1382,965,71,50
20201002,false,25497,1311,7,7,0,0,461629,23730,1598,1026,82,53
20201003,false,25505,1311,8,7,0,0,463360,23819,1731,1125,89,58
20201004,false,25519,1312,14,8,1,0,464582,23882,1222,1229,63,63
20201005,false,25527,1312,8,9,0,0,465515,23930,933,1279,48,66
20201006,false,25536,1313,9,8,0,0,466908,24001,1393,1294,72,67
20201007,false,25545,1313,9,9,0,0,468268,24071,1360,1323,70,68
20201008,false,25555,1314,10,9,1,0,470104,24165,1836,1374,94,71
20201009,false,25561,1314,6,9,0,0,471696,24247,1592,1439,82,74
20201010,false,25569,1314,8,9,0,0,473143,24322,1447,1438,74,74
20201011,false,25574,1315,5,9,0,0,474286,24380,1143,1398,59,72
20201012,false,25587,1315,13,8,1,0,475315,24433,1029,1386,53,71
20201013,false,25598,1316,11,9,1,0,476708,24505,1393,1400,72,72
20201014,false,25605,1316,7,9,0,0,477940,24568,1232,1400,63,72
20201015,false,25618,1317,13,9,1,0,479400,24643,1460,1382,75,71
20201016,false,25628,1317,10,9,1,0,481107,24731,1707,1328,88,68
20201017,false,25637,1318,9,10,0,1,482891,24823,1784,1344,92,69
20201018,false,25644,1318,7,10,0,1,484281,24894,1390,1393,71,72
20201019,false,25659,1319,15,10,1,1,485279,24946,998,1428,51,73
20201020,false,25672,1320,13,10,1,1,486480,25007,1201,1423,62,73
20201021,false,25679,1320,7,11,0,1,488506,25111,2026,1396,104,72
20201022,false,25694,1321,15,11,1,1,490134,25195,1628,1509,84,78
20201023,false,25705,1321,11,11,1,1,491771,25279,1637,1533,84,79
20201024,false,25718,1322,13,11,1,1,493832,25385,2061,1523,106,78
20201025,false,25730,1323,12,12,1,1,495464,25469,1632,1563,84,80
20201026,false,25742,1323,12,12,1,1,496655,25530,1191,1598,61,82
20201027,false,25758,1324,16,12,1,1,498646,25633,1991,1625,102,84
20201028,false,25773,1325,15,12,1,1,500677,25737,2031,1738,104,89
20201029,false,25792,1326,19,13,1,1,503176,25865,2499,1739,128,89
20201030,false,25804,1326,12,14,1,1,505431,25981,2255,1863,116,96
20201031,false,25807,1327,3,14,0,1,507480,26087,2049,1951,105,100
20201101,false,25824,1327,17,13,1,1,509735,26203,2255,1950,116,100
20201102,false,25838,1328,14,13,1,1,511368,26287,1633,2039,84,105
20201103,false,25853,1329,15,14,1,1,513689,26406,2321,2102,119,108
20201104,false,25868,1330,15,14,1,1,515815,26515,2126,2149,109,110
20201105,false,25892,1331,24,14,1,1,518812,26669,2997,2163,154,111
20201106,false,25910,1332,18,14,1,1,522021,26834,3209,2234,165,115
20201107,false,25928,1333,18,15,1,1,525608,27019,3587,2370,184,122
20201108,false,25947,1334,19,17,1,1,529036,27195,3428,2590,176,133
20201109,false,25973,1335,26,18,1,1,532180,27356,3144,2757,162,142
20201110,false,26005,1337,32,19,2,1,536145,27560,3965,2973,204,153
20201111,false,26026,1338,21,22,1,1,540965,27808,4820,3208,248,165
20201112,false,26055,1339,29,23,1,1,545762,28055,4797,3593,247,185
20201113,false,26079,1341,24,23,1,1,551163,28332,5401,3850,278,198
20201114,false,26103,1342,24,24,1,1,556551,28609,5388,4163,277,214
20201115,false,26133,1343,30,25,2,1,560200,28797,3649,4420,188,227
20201116,false,26159,1345,26,27,1,1,563690,28976,3490,4452,179,229
20201117,false,26189,1346,30,27,2,1,568778,29238,5088,4501,262,231
20201118,false,26225,1348,36,26,2,1,574072,29510,5294,4662,272,240
20201119,false,26257,1350,32,28,2,1,579382,29783,5310,4730,273,243
20201120,true,26300,1350,30,30,2,2,585000,30100,5210,5210,268,268
20201121,true,26300,1350,31,31,2,2,590000,30300,5420,5420,279,279
20201122,true,26400,1350,32,32,2,2,596000,30600,5630,5630,290,290
20201123,true,26400,1360,33,33,2,2,601000,30900,5850,5850,301,301
20201124,true,26400,1360,34,34,2,2,608000,31200,6060,6060,312,312
20201125,true,26500,1360,36,36,2,2,614000,31600,6270,6270,323,323
20201126,true,26500,1360,37,37,2,2,620000,31900,6490,6490,334,334
20201127,true,26500,1360,38,38,2,2,627000,32200,6700,6700,344,344
20201128,true,26600,1370,39,39,2,2,634000,32600,6920,6920,355,355
20201129,true,26600,1370,40,40,2,2,641000,33000,7130,7130,366,366
20201130,true,26600,1370,41,41,2,2,648000,33300,7340,7340,377,377
20201201,true,26700,1370,42,42,2,2,656000,33700,7560,7560,388,388
20201202,true,26700,1370,43,43,2,2,664000,34100,7770,7770,399,399
20201203,true,26800,1380,44,44,2,2,672000,34500,7980,7980,410,410
