date,projected,deaths,deathsPerMillion,deathIncrease,deathIncreaseAverage,deathIncreasePerMillion,deathIncreaseAveragePerMillion,positive,positivePerMillion,positiveIncrease,positiveIncreaseAverage,positiveIncreasePerMillion,positiveIncreaseAveragePerMillion
20200304,false,0,0,0,0,0,0,3,1,0,0,0,0
20200305,false,0,0,0,0,0,0,3,1,0,0,0,0
20200306,false,0,0,0,0,0,0,3,1,0,0,0,0
20200307,false,0,0,0,0,0,0,7,2,4,4,1,1
20200308,false,0,0,0,0,0,0,14,3,7,7,2,2
20200309,false,0,0,0,0,0,0,14,3,0,0,0,0
20200310,false,0,0,0,0,0,0,15,4,1,1,0,0
20200311,false,0,0,0,0,0,0,19,5,4,4,1,1
20200312,false,0,0,0,0,0,0,19,5,0,2,0,0
20200313,false,0,0,0,0,0,0,30,7,11,2,3,0
20200314,false,0,0,0,0,0,0,30,7,0,4,0,1
20200315,false,0,0,0,0,0,0,36,9,6,3,1,1
20200316,false,0,0,0,0,0,0,39,9,3,3,1,1
20200317,false,0,0,0,0,0,0,47,11,8,4,2,1
20200318,false,3,1,3,0,1,0,75,18,28,5,7,1
20200319,false,3,1,0,0,0,0,88,21,13,8,3,2
20200320,false,3,1,0,0,0,0,114,27,26,10,6,2
20200321,false,3,1,0,0,0,0,114,27,0,12,0,3
20200322,false,4,1,1,0,0,0,161,38,47,12,11,3
20200323,false,5,1,1,1,0,0,191,45,30,18,7,4
20200324,false,8,2,3,1,1,0,209,50,18,22,4,5
20200325,false,8,2,0,1,0,0,209,50,0,23,0,5
20200326,false,11,3,3,1,1,0,327,78,118,19,28,5
20200327,false,12,3,1,1,0,0,414,98,87,34,21,8
20200328,false,13,3,1,1,0,0,479,114,65,43,15,10
20200329,false,13,3,0,1,0,0,548,130,69,52,16,12
20200330,false,16,4,3,1,1,0,606,144,58,55,14,13
20200331,false,18,4,2,2,0,0,690,164,84,59,20,14
20200401,false,18,4,0,1,0,0,736,175,46,69,11,16
20200402,false,21,5,3,1,1,0,826,196,90,75,21,18
20200403,false,22,5,1,1,0,0,899,213,73,71,17,17
20200404,false,26,6,4,1,1,0,999,237,100,69,24,16
20200405,false,27,6,1,2,0,0,1068,253,69,74,16,18
20200406,false,27,6,0,2,0,0,1132,268,64,74,15,18
20200407,false,33,8,6,2,1,0,1181,280,49,75,12,18
20200408,false,33,8,0,2,0,0,1239,294,58,70,14,17
20200409,false,44,10,11,2,3,0,1321,313,82,72,19,17
20200410,false,44,10,0,3,0,1,1321,313,0,71,0,17
20200411,false,48,11,4,3,1,1,1371,325,50,60,12,14
20200412,false,52,12,4,3,1,1,1527,362,156,53,37,13
20200413,false,53,13,1,4,0,1,1584,376,57,66,14,16
20200414,false,55,13,2,4,0,1,1633,387,49,65,12,15
20200415,false,58,14,3,3,1,1,1663,394,30,65,7,15
20200416,false,64,15,6,4,1,1,1736,412,73,61,17,14
20200417,false,70,17,6,3,1,1,1785,423,49,59,12,14
20200418,false,72,17,2,4,0,1,1844,437,59,66,14,16
20200419,false,74,18,2,3,0,1,1910,453,66,68,16,16
20200420,false,75,18,1,3,0,1,1956,464,46,55,11,13
20200421,false,78,18,3,3,1,1,2002,475,46,53,11,13
20200422,false,78,18,0,3,0,1,2059,488,57,53,14,13
20200423,false,83,20,5,3,1,1,2127,504,68,57,16,14
20200424,false,86,20,3,3,1,1,2177,516,50,56,12,13
20200425,false,87,21,1,2,0,0,2253,534,76,56,18,13
20200426,false,91,22,4,2,1,0,2311,548,58,58,14,14
20200427,false,92,22,1,2,0,0,2354,558,43,57,10,14
20200428,false,92,22,0,2,0,0,2354,558,0,57,0,14
20200429,false,101,24,9,2,2,0,2446,580,92,50,22,12
20200430,false,103,24,2,3,0,1,2510,595,64,55,15,13
20200501,false,104,25,1,3,0,1,2579,611,69,55,16,13
20200502,false,109,26,5,3,1,1,2635,625,56,57,13,14
20200503,false,109,26,0,3,0,1,2680,635,45,55,11,13
20200504,false,109,26,0,3,0,1,2759,654,79,53,19,13
20200505,false,113,27,4,2,1,0,2839,673,80,58,19,14
20200506,false,115,27,2,3,0,1,2916,691,77,69,18,16
20200507,false,121,29,6,2,1,0,2989,709,73,67,17,16
20200508,false,124,29,3,3,1,1,3068,727,79,68,19,16
20200509,false,127,30,3,3,1,1,3160,749,92,70,22,17
20200510,false,127,30,0,3,0,1,3228,765,68,75,16,18
20200511,false,130,31,3,3,1,1,3286,779,58,78,14,18
20200512,false,130,31,0,3,0,1,3286,779,0,75,0,18
20200513,false,134,32,4,2,1,0,3416,810,130,64,31,15
20200514,false,137,32,3,3,1,1,3479,825,63,71,15,17
20200515,false,137,32,0,2,0,0,3541,840,62,70,15,17
20200516,false,137,32,0,2,0,0,3612,856,71,68,17,16
20200517,false,137,32,0,1,0,0,3623,859,11,65,3,15
20200518,false,138,33,1,1,0,0,3687,874,64,56,15,13
20200519,false,140,33,2,1,0,0,3726,883,39,57,9,14
20200520,false,144,34,4,1,1,0,3801,901,75,63,18,15
20200521,false,145,34,1,1,0,0,3817,905,16,55,4,13
20200522,false,147,35,2,1,0,0,3864,916,47,48,11,11
20200523,false,147,35,0,1,0,0,3888,922,24,46,6,11
20200524,false,148,35,1,1,0,0,3927,931,39,39,9,9
20200525,false,148,35,0,2,0,0,3949,936,22,43,5,10
20200526,false,148,35,0,1,0,0,3967,941,18,37,4,9
20200527,false,148,35,0,1,0,0,4038,957,71,34,17,8
20200528,false,151,36,3,1,1,0,4086,969,48,34,11,8
20200529,false,151,36,0,1,0,0,4131,979,45,38,11,9
20200530,false,153,36,2,1,0,0,4185,992,54,38,13,9
20200531,false,153,36,0,1,0,0,4243,1006,58,42,14,10
20200601,false,154,37,1,1,0,0,4302,1020,59,45,14,11
20200602,false,157,37,3,1,1,0,4335,1028,33,50,8,12
20200603,false,159,38,2,1,0,0,4399,1043,64,53,15,13
20200604,false,159,38,0,2,0,0,4474,1061,75,52,18,12
20200605,false,161,38,2,1,0,0,4570,1084,96,55,23,13
20200606,false,163,39,2,1,0,0,4662,1105,92,63,22,15
20200607,false,164,39,1,1,0,0,4808,1140,146,68,35,16
20200608,false,164,39,0,2,0,0,4922,1167,114,81,27,19
20200609,false,169,40,5,1,1,0,4988,1183,66,89,16,21
20200610,false,169,40,0,2,0,0,5060,1200,72,93,17,22
20200611,false,171,41,2,1,0,0,5237,1242,177,94,42,22
20200612,false,173,41,2,2,0,0,5377,1275,140,109,33,26
20200613,false,174,41,1,2,0,0,5535,1312,158,115,37,27
20200614,false,176,42,2,2,0,0,5636,1336,101,125,24,30
20200615,false,180,43,4,2,1,0,5820,1380,184,118,44,28
20200616,false,182,43,2,2,0,0,6098,1446,278,128,66,30
20200617,false,183,43,1,2,0,0,6218,1474,120,159,28,38
20200618,false,187,44,4,2,1,0,6366,1509,148,165,35,39
20200619,false,188,45,1,2,0,0,6572,1558,206,161,49,38
20200620,false,189,45,1,2,0,0,6750,1600,178,171,42,41
20200621,false,190,45,1,2,0,0,6937,1645,187,174,44,41
20200622,false,192,46,2,2,0,0,7083,1679,146,186,35,44
20200623,false,192,46,0,2,0,0,7274,1725,191,180,45,43
20200624,false,195,46,3,1,1,0,7444,1765,170,168,40,40
20200625,false,197,47,2,2,0,0,7568,1794,124,175,29,41
20200626,false,202,48,5,1,1,0,7818,1854,250,172,59,41
20200627,false,202,48,0,2,0,0,8094,1919,276,178,65,42
20200628,false,202,48,0,2,0,0,8341,1978,247,192,59,46
20200629,false,204,48,2,2,0,0,8485,2012,144,201,34,48
20200630,false,207,49,3,2,1,0,8656,2052,171,200,41,47
20200701,false,208,49,1,2,0,0,8931,2117,275,197,65,47
20200702,false,209,50,1,2,0,0,9294,2204,363,212,86,50
20200703,false,209,50,0,2,0,0,9636,2285,342,247,81,59
20200704,false,213,51,4,1,1,0,9930,2354,294,260,70,62
20200705,false,215,51,2,2,0,0,10230,2425,300,262,71,62
20200706,false,215,51,0,2,0,0,10395,2465,165,270,39,64
20200707,false,220,52,5,2,1,0,10605,2514,210,273,50,65
20200708,false,224,53,4,2,1,0,10817,2565,212,278,50,66
20200709,false,230,55,6,2,1,0,11188,2653,371,269,88,64
20200710,false,232,55,2,3,0,1,11454,2716,266,271,63,64
20200711,false,232,55,0,3,0,1,11851,2810,397,260,94,62
20200712,false,234,55,2,3,0,1,12170,2885,319,274,76,65
20200713,false,237,56,3,3,1,1,12438,2949,268,277,64,66
20200714,false,244,58,7,3,2,1,12805,3036,367,292,87,69
20200715,false,247,59,3,3,1,1,13081,3101,276,314,65,74
20200716,false,249,59,2,3,0,1,13509,3203,428,323,101,77
20200717,false,254,60,5,3,1,1,13802,3272,293,332,69,79
20200718,false,257,61,3,3,1,1,14149,3355,347,335,82,79
20200719,false,260,62,3,4,1,1,14579,3457,430,328,102,78
20200720,false,262,62,2,4,0,1,14847,3520,268,344,64,82
20200721,false,269,64,7,4,2,1,15139,3589,292,344,69,82
20200722,false,269,64,0,4,0,1,15393,3650,254,333,60,79
20200723,false,273,65,4,3,1,1,15713,3725,320,330,76,78
20200724,false,282,67,9,3,2,1,16104,3818,391,315,93,75
20200725,false,286,68,4,4,1,1,16492,3910,388,329,92,78
20200726,false,289,69,3,4,1,1,16758,3973,266,335,63,79
20200727,false,289,69,0,4,0,1,17088,4051,330,311,78,74
20200728,false,303,72,14,4,3,1,17416,4129,328,320,78,76
20200729,false,311,74,8,5,2,1,17721,4202,305,325,72,77
20200730,false,316,75,5,6,1,1,18131,4299,410,333,97,79
20200731,false,322,76,6,6,1,1,18492,4384,361,345,86,82
20200801,false,325,77,3,6,1,1,18817,4461,325,341,77,81
20200802,false,326,77,1,6,0,1,19097,4528,280,332,66,79
20200803,false,328,78,2,5,0,1,19366,4592,269,334,64,79
20200804,false,333,79,5,6,1,1,19699,4671,333,325,79,77
20200805,false,338,80,5,4,1,1,19979,4737,280,326,66,77
20200806,false,339,80,1,4,0,1,20225,4795,246,323,58,77
20200807,false,348,83,9,3,2,1,20636,4893,411,299,97,71
20200808,false,355,84,7,4,2,1,21010,4981,374,306,89,73
20200809,false,356,84,1,4,0,1,21272,5043,262,313,62,74
20200810,false,357,85,1,4,0,1,21488,5095,216,311,51,74
20200811,false,368,87,11,4,3,1,21774,5162,286,303,68,72
20200812,false,375,89,7,5,2,1,22022,5221,248,296,59,70
20200813,false,383,91,8,5,2,1,22300,5287,278,292,66,69
20200814,false,385,91,2,6,0,1,22613,5361,313,296,74,70
20200815,false,386,92,1,5,0,1,23018,5457,405,282,96,67
20200816,false,388,92,2,4,0,1,23262,5515,244,287,58,68
20200817,false,388,92,0,5,0,1,23451,5560,189,284,45,67
20200818,false,397,94,9,4,2,1,23676,5613,225,280,53,66
20200819,false,408,97,11,4,3,1,23870,5659,194,272,46,64
20200820,false,412,98,4,5,1,1,24165,5729,295,264,70,63
20200821,false,414,98,2,4,0,1,24421,5790,256,266,61,63
20200822,false,417,99,3,4,1,1,24710,5859,289,258,69,61
20200823,false,417,99,0,4,0,1,24937,5912,227,242,54,57
20200824,false,420,100,3,4,1,1,25155,5964,218,239,52,57
20200825,false,428,101,8,5,2,1,25391,6020,236,243,56,58
20200826,false,433,103,5,4,1,1,25571,6063,180,245,43,58
20200827,false,438,104,5,4,1,1,25761,6108,190,243,45,58
20200828,false,447,106,9,4,2,1,26054,6177,293,228,69,54
20200829,false,454,108,7,5,2,1,26293,6234,239,233,57,55
20200830,false,458,109,4,5,1,1,26554,6296,261,226,62,54
20200831,false,459,109,1,6,0,1,26713,6333,159,231,38,55
20200901,false,465,110,6,6,1,1,26946,6389,233,223,55,53
20200902,false,468,111,3,5,1,1,27075,6419,129,222,31,53
20200903,false,470,111,2,5,0,1,27336,6481,261,215,62,51
20200904,false,475,113,5,5,1,1,27601,6544,265,225,63,53
20200905,false,480,114,5,4,1,1,27856,6604,255,221,60,52
20200906,false,481,114,1,4,0,1,28044,6649,188,223,45,53
20200907,false,482,114,1,3,0,1,28190,6684,146,213,35,51
20200908,false,486,115,4,3,1,1,28355,6723,165,211,39,50
20200909,false,494,117,8,3,2,1,28471,6750,116,201,28,48
20200910,false,497,118,3,4,1,1,28654,6794,183,199,43,47
20200911,false,499,118,2,4,0,1,28865,6844,211,188,50,45
20200912,false,505,120,6,3,1,1,29156,6913,291,181,69,43
20200913,false,509,121,4,4,1,1,29337,6956,181,186,43,44
20200914,false,511,121,2,4,0,1,29484,6990,147,185,35,44
20200915,false,519,123,8,4,2,1,29662,7033,178,185,42,44
20200916,false,521,124,2,5,0,1,29850,7077,188,187,45,44
20200917,false,521,124,0,4,0,1,29850,7077,0,197,0,47
20200918,false,521,124,0,3,0,1,30342,7194,492,171,117,41
20200919,false,525,124,4,3,1,1,30599,7255,257,211,61,50
20200920,false,526,125,1,3,0,1,30801,7303,202,206,48,49
20200921,false,529,125,3,2,1,0,30995,7349,194,209,46,50
20200922,false,532,126,3,3,1,1,31313,7424,318,216,75,51
20200923,false,538,128,6,2,1,0,31503,7469,190,236,45,56
20200924,false,539,128,1,2,0,0,31865,7555,362,236,86,56
20200925,false,542,129,3,3,1,1,32314,7661,449,288,106,68
20200926,false,546,129,4,3,1,1,32581,7725,267,282,63,67
20200927,false,547,130,1,3,0,1,32820,7781,239,283,57,67
20200928,false,547,130,0,3,0,1,32994,7823,174,288,41,68
20200929,false,555,132,8,3,2,1,33291,7893,297,286,70,68
20200930,false,559,133,4,3,1,1,33509,7945,218,283,52,67
20201001,false,560,133,1,3,0,1,33862,8028,353,287,84,68
20201002,false,563,133,3,3,1,1,34163,8100,301,285,71,68
20201003,false,571,135,8,3,2,1,34511,8182,348,264,83,63
20201004,false,572,136,1,4,0,1,34770,8244,259,276,61,65
20201005,false,572,136,0,4,0,1,35049,8310,279,279,66,66
20201006,false,581,138,9,4,2,1,35340,8379,291,294,69,70
20201007,false,583,138,2,4,0,1,35634,8449,294,293,70,69
20201008,false,594,141,11,3,3,1,36116,8563,482,304,114,72
20201009,false,597,142,3,5,1,1,36526,8660,410,322,97,76
20201010,false,599,142,2,5,0,1,36935,8757,409,338,97,80
20201011,false,599,142,0,4,0,1,37262,8835,327,346,78,82
20201012,false,599,142,0,4,0,1,37467,8883,205,356,49,84
20201013,false,605,143,6,4,1,1,37780,8957,313,345,74,82
20201014,false,608,144,3,3,1,1,38160,9048,380,349,90,83
20201015,false,611,145,3,4,1,1,38525,9134,365,361,87,86
20201016,false,617,146,6,2,1,0,38935,9231,410,344,97,82
20201017,false,620,147,3,3,1,1,39316,9322,381,344,90,82
20201018,false,620,147,0,3,0,1,39532,9373,216,340,51,81
20201019,false,628,149,8,3,2,1,39794,9435,262,324,62,77
20201020,false,633,150,5,4,1,1,40136,9516,342,332,81,79
20201021,false,635,151,2,4,0,1,40443,9589,307,337,73,80
20201022,false,646,153,11,4,3,1,40810,9676,367,326,87,77
20201023,false,649,154,3,5,1,1,41348,9803,538,326,128,77
20201024,false,653,155,4,5,1,1,41739,9896,391,345,93,82
20201025,false,653,155,0,5,0,1,42101,9982,362,346,86,82
20201026,false,655,155,2,5,0,1,42436,10061,335,367,79,87
20201027,false,664,157,9,4,2,1,42808,10150,372,377,88,89
20201028,false,671,159,7,4,2,1,43228,10249,420,382,100,91
20201029,false,673,160,2,5,0,1,43793,10383,565,398,134,94
20201030,false,675,160,2,4,0,1,44389,10524,596,426,141,101
20201031,false,689,163,14,4,3,1,44921,10650,532,434,126,103
20201101,false,691,164,2,5,0,1,45429,10771,508,455,120,108
20201102,false,692,164,1,5,0,1,45978,10901,549,475,130,113
20201103,false,701,166,9,5,2,1,46460,11015,482,506,114,120
20201104,false,705,167,4,5,1,1,47049,11155,589,522,140,124
20201105,false,710,168,5,5,1,1,47839,11342,790,546,187,129
20201106,false,716,170,6,5,1,1,48608,11525,769,578,182,137
20201107,false,729,173,13,6,3,1,49587,11757,979,603,232,143
20201108,false,730,173,1,6,0,1,50448,11961,861,667,204,158
20201109,false,734,174,4,6,1,1,51155,12129,707,717,168,170
20201110,false,737,175,3,6,1,1,51909,12307,754,740,179,175
20201111,false,742,176,5,5,1,1,52770,12511,861,778,204,184
20201112,false,746,177,4,5,1,1,53879,12774,1109,817,263,194
20201113,false,753,179,7,5,2,1,54937,13025,1058,863,251,205
20201114,false,759,180,6,5,1,1,56018,13282,1081,904,256,214
20201115,false,761,180,2,4,0,1,56880,13486,862,919,204,218
20201116,false,765,181,4,4,1,1,57646,13668,766,919,182,218
20201117,true,768,182,3,3,1,1,58700,13900,1030,1030,245,245
20201118,true,771,183,3,3,1,1,59700,14200,1060,1060,251,251
20201119,true,774,184,3,3,1,1,60800,14400,1080,1080,257,257
20201120,true,777,184,3,3,1,1,61900,14700,1110,1110,263,263
20201121,true,780,185,3,3,1,1,63100,15000,1140,1140,270,270
20201122,true,782,185,2,2,0,0,64200,15200,1160,1160,276,276
20201123,true,784,186,2,2,0,0,65400,15500,1190,1190,282,282
20201124,true,786,186,2,2,0,0,66600,15800,1220,1220,289,289
20201125,true,788,187,2,2,0,0,67900,16100,1240,1240,295,295
20201126,true,789,187,1,1,0,0,69200,16400,1270,1270,301,301
20201127,true,790,187,1,1,0,0,70400,16700,1300,1300,307,307
20201128,true,791,188,1,1,0,0,71800,17000,1320,1320,314,314
20201129,true,792,188,1,1,0,0,73100,17300,1350,1350,320,320
20201130,true,792,188,0,0,0,0,74500,17700,1380,1380,326,326
