date,projected,deaths,deathsPerMillion,deathIncrease,deathIncreaseAverage,deathIncreasePerMillion,deathIncreaseAveragePerMillion,positive,positivePerMillion,positiveIncrease,positiveIncreaseAverage,positiveIncreasePerMillion,positiveIncreaseAveragePerMillion
20200304,false,0,0,0,0,0,0,0,0,0,0,0,0
20200305,false,0,0,0,0,0,0,0,0,0,0,0,0
20200306,false,0,0,0,0,0,0,0,0,0,0,0,0
20200307,false,0,0,0,0,0,0,2,0,2,2,0,0
20200308,false,0,0,0,0,0,0,2,0,0,0,0,0
20200309,false,0,0,0,0,0,0,7,1,5,5,1,1
20200310,false,0,0,0,0,0,0,7,1,0,0,0,0
20200311,false,0,0,0,0,0,0,9,2,2,2,0,0
20200312,false,0,0,0,0,0,0,10,2,1,1,0,0
20200313,false,0,0,0,0,0,0,12,2,2,1,0,0
20200314,false,0,0,0,0,0,0,13,3,1,2,0,0
20200315,false,0,0,0,0,0,0,19,4,6,2,1,0
20200316,false,1,0,1,0,0,0,28,5,9,2,2,0
20200317,false,1,0,0,0,0,0,33,6,5,3,1,1
20200318,false,1,0,0,0,0,0,60,12,27,4,5,1
20200319,false,1,0,0,0,0,0,60,12,0,7,0,1
20200320,false,1,0,0,0,0,0,81,16,21,7,4,1
20200321,false,1,0,0,0,0,0,152,30,71,10,14,2
20200322,false,3,1,2,0,0,0,195,38,43,20,8,4
20200323,false,5,1,2,0,0,0,298,58,103,25,20,5
20200324,false,5,1,0,1,0,0,298,58,0,39,0,8
20200325,false,7,1,2,1,0,0,424,82,126,38,24,7
20200326,false,9,2,2,1,0,0,456,89,32,52,6,10
20200327,false,9,2,0,1,0,0,456,89,0,57,0,11
20200328,false,13,3,4,1,1,0,539,105,83,54,16,10
20200329,false,16,3,3,2,1,0,774,150,235,55,46,11
20200330,false,18,3,2,2,0,0,925,180,151,83,29,16
20200331,false,22,4,4,2,1,0,1083,210,158,90,31,17
20200401,false,26,5,4,2,1,0,1293,251,210,112,41,22
20200402,false,31,6,5,3,1,1,1554,302,261,124,51,24
20200403,false,31,6,0,3,0,1,1554,302,0,157,0,30
20200404,false,40,8,9,3,2,1,1917,372,363,157,71,30
20200405,false,44,9,4,4,1,1,2049,398,132,197,26,38
20200406,false,44,9,0,4,0,1,2049,398,0,182,0,35
20200407,false,51,10,7,4,1,1,2417,469,368,161,71,31
20200408,false,63,12,12,4,2,1,2552,496,135,191,26,37
20200409,false,67,13,4,5,1,1,2792,542,240,180,47,35
20200410,false,72,14,5,5,1,1,3065,595,273,177,53,34
20200411,false,80,16,8,6,2,1,3207,623,142,216,28,42
20200412,false,82,16,2,6,0,1,3319,645,112,184,22,36
20200413,false,82,16,0,5,0,1,3319,645,0,181,0,35
20200414,false,97,19,15,5,3,1,3553,690,234,181,45,35
20200415,false,107,21,10,7,2,1,3656,710,103,162,20,31
20200416,false,107,21,0,6,0,1,3656,710,0,158,0,31
20200417,false,109,21,2,6,0,1,3931,763,275,123,53,24
20200418,false,119,23,10,5,2,1,4246,825,315,124,61,24
20200419,false,120,23,1,6,0,1,4377,850,131,148,25,29
20200420,false,120,23,0,5,0,1,4377,850,0,151,0,29
20200421,false,124,24,4,5,1,1,4439,862,62,151,12,29
20200422,false,140,27,16,4,3,1,4761,925,322,127,63,25
20200423,false,150,29,10,5,2,1,4917,955,156,158,30,31
20200424,false,150,29,0,6,0,1,4917,955,0,180,0,35
20200425,false,166,32,16,6,3,1,5253,1020,336,141,65,27
20200426,false,174,34,8,7,2,1,5490,1066,237,144,46,28
20200427,false,174,34,0,8,0,2,5490,1066,0,159,0,31
20200428,false,177,34,3,8,1,2,5613,1090,123,159,24,31
20200429,false,203,39,26,8,5,2,5881,1142,268,168,52,33
20200430,false,244,47,41,9,8,2,6095,1184,214,160,42,31
20200501,false,256,50,12,13,2,3,6258,1215,163,168,32,33
20200502,false,267,52,11,15,2,3,6489,1260,231,192,45,37
20200503,false,275,53,8,14,2,3,6626,1287,137,177,27,34
20200504,false,275,53,0,14,0,3,6626,1287,0,162,0,31
20200505,false,283,55,8,14,2,3,6757,1312,131,162,25,31
20200506,false,305,59,22,15,4,3,6936,1347,179,163,35,32
20200507,false,305,59,0,15,0,3,6936,1347,0,151,0,29
20200508,false,316,61,11,9,2,2,7142,1387,206,120,40,23
20200509,false,330,64,14,9,3,2,7531,1463,389,126,76,24
20200510,false,331,64,1,9,0,2,7653,1486,122,149,24,29
20200511,false,331,64,0,8,0,2,7653,1486,0,147,0,29
20200512,false,355,69,24,8,5,2,7927,1540,274,147,53,29
20200513,false,355,69,0,10,0,2,7927,1540,0,167,0,32
20200514,false,371,72,16,7,3,1,8189,1590,262,142,51,28
20200515,false,380,74,9,9,2,2,8407,1633,218,179,42,35
20200516,false,380,74,0,9,0,2,8407,1633,0,181,0,35
20200517,false,380,74,0,7,0,1,8816,1712,409,125,79,24
20200518,false,391,76,11,7,2,1,8942,1737,126,166,24,32
20200519,false,399,77,8,9,2,2,9056,1759,114,184,22,36
20200520,false,399,77,0,6,0,1,9056,1759,0,161,0,31
20200521,false,407,79,8,6,2,1,9175,1782,119,161,23,31
20200522,false,419,81,12,5,2,1,9638,1872,463,141,90,27
20200523,false,425,83,6,6,1,1,9895,1922,257,176,50,34
20200524,false,435,84,10,6,2,1,10096,1961,201,213,39,41
20200525,false,440,85,5,8,1,2,10178,1977,82,183,16,36
20200526,false,446,87,6,7,1,1,10416,2023,238,177,46,34
20200527,false,466,91,20,7,4,1,10623,2063,207,194,40,38
20200528,false,470,91,4,10,1,2,10788,2095,165,224,32,44
20200529,false,483,94,13,9,3,2,11131,2162,343,230,67,45
20200530,false,487,95,4,9,1,2,11394,2213,263,213,51,41
20200531,false,494,96,7,9,1,2,11861,2304,467,214,91,42
20200601,false,500,97,6,8,1,2,12148,2359,287,252,56,49
20200602,false,501,97,1,9,0,2,12415,2411,267,281,52,55
20200603,false,518,101,17,8,3,2,12651,2457,236,286,46,56
20200604,false,525,102,7,7,1,1,13005,2526,354,290,69,56
20200605,false,538,104,13,8,3,2,13453,2613,448,317,87,62
20200606,false,545,106,7,8,1,2,13916,2703,463,332,90,64
20200607,false,546,106,1,8,0,2,14286,2775,370,360,72,70
20200608,false,557,108,11,7,2,1,14800,2875,514,346,100,67
20200609,false,568,110,11,8,2,2,15228,2958,428,379,83,74
20200610,false,575,112,7,10,1,2,15759,3061,531,402,103,78
20200611,false,588,114,13,8,3,2,16441,3193,682,444,132,86
20200612,false,593,115,5,9,1,2,17170,3335,729,491,142,95
20200613,false,599,116,6,8,1,2,17955,3487,785,531,152,103
20200614,false,600,117,1,8,0,2,18795,3650,840,577,163,112
20200615,false,602,117,2,8,0,2,19378,3764,583,644,113,125
20200616,false,607,118,5,6,1,1,19990,3883,612,654,119,127
20200617,false,617,120,10,6,2,1,20556,3992,566,680,110,132
20200618,false,621,121,4,6,1,1,21548,4185,992,685,193,133
20200619,false,639,124,18,5,3,1,22631,4395,1083,730,210,142
20200620,false,644,125,5,7,1,1,23786,4620,1155,780,224,151
20200621,false,653,127,9,6,2,1,24693,4796,907,833,176,162
20200622,false,659,128,6,8,1,2,25701,4992,1008,843,196,164
20200623,false,673,131,14,8,3,2,26613,5169,912,903,177,175
20200624,false,683,133,10,9,2,2,27897,5418,1284,946,249,184
20200625,false,693,135,10,9,2,2,29022,5637,1125,1049,219,204
20200626,false,694,135,1,10,0,2,30335,5892,1313,1068,255,207
20200627,false,711,138,17,8,3,2,31939,6203,1604,1101,312,214
20200628,false,716,139,5,10,1,2,33320,6472,1381,1165,268,226
20200629,false,720,140,4,9,1,2,34644,6729,1324,1232,257,239
20200630,false,739,144,19,9,4,2,36399,7070,1755,1278,341,248
20200701,false,766,149,27,9,5,2,37919,7365,1520,1398,295,272
20200702,false,784,152,18,12,3,2,39701,7711,1782,1432,346,278
20200703,false,793,154,9,13,2,3,41532,8066,1831,1526,356,296
20200704,false,813,158,20,14,4,3,43386,8427,1854,1600,360,311
20200705,false,820,159,7,15,1,3,44847,8710,1461,1635,284,318
20200706,false,827,161,7,15,1,3,46380,9008,1533,1647,298,320
20200707,false,846,164,19,15,4,3,47352,9197,972,1677,189,326
20200708,false,884,172,38,15,7,3,48909,9499,1557,1565,302,304
20200709,false,905,176,21,17,4,3,50691,9845,1782,1570,346,305
20200710,false,929,180,24,17,5,3,52419,10181,1728,1570,336,305
20200711,false,951,185,22,19,4,4,54699,10624,2280,1555,443,302
20200712,false,961,187,10,20,2,4,56648,11002,1949,1616,379,314
20200713,false,972,189,11,20,2,4,58168,11298,1520,1686,295,327
20200714,false,993,193,21,21,4,4,60389,11729,2221,1684,431,327
20200715,false,998,194,5,21,1,4,62245,12089,1856,1862,360,362
20200716,false,1070,208,72,16,14,3,64083,12446,1838,1905,357,370
20200717,false,1096,213,26,24,5,5,66060,12830,1977,1913,384,372
20200718,false,1135,220,39,24,8,5,67612,13132,1552,1949,301,379
20200719,false,1155,224,20,26,4,5,69986,13593,2374,1845,461,358
20200720,false,1164,226,9,28,2,5,71445,13876,1459,1905,283,370
20200721,false,1221,237,57,27,11,5,73337,14244,1892,1897,367,368
20200722,false,1285,250,64,33,12,6,75042,14575,1705,1850,331,359
20200723,false,1334,259,49,41,10,8,76606,14879,1564,1828,304,355
20200724,false,1385,269,51,38,10,7,78607,15267,2001,1789,389,347
20200725,false,1465,285,80,41,16,8,80008,15539,1401,1792,272,348
20200726,false,1491,290,26,47,5,9,81199,15771,1191,1771,231,344
20200727,false,1506,293,15,48,3,9,82417,16007,1218,1602,237,311
20200728,false,1565,304,59,49,11,10,84109,16336,1692,1567,329,304
20200729,false,1615,314,50,49,10,10,85846,16673,1737,1539,337,299
20200730,false,1667,324,52,47,10,9,87572,17009,1726,1543,335,300
20200731,false,1712,333,45,48,9,9,89016,17289,1444,1567,280,304
20200801,false,1751,340,39,47,8,9,90599,17596,1583,1487,307,289
20200802,false,1777,345,26,41,5,8,91788,17827,1189,1513,231,294
20200803,false,1793,348,16,41,3,8,92951,18053,1163,1513,226,294
20200804,false,1847,359,54,41,10,8,94190,18294,1239,1505,241,292
20200805,false,1894,368,47,40,9,8,95472,18543,1282,1440,249,280
20200806,false,1943,377,49,40,10,8,96797,18800,1325,1375,257,267
20200807,false,1962,381,19,39,4,8,98219,19076,1422,1318,276,256
20200808,false,2007,390,45,36,9,7,99460,19317,1241,1315,241,255
20200809,false,2031,394,24,37,5,7,100435,19507,975,1266,189,246
20200810,false,2049,398,18,36,3,7,101159,19647,724,1235,141,240
20200811,false,2098,407,49,37,10,7,102130,19836,971,1173,189,228
20200812,false,2144,416,46,36,9,7,102974,20000,844,1134,164,220
20200813,false,2186,425,42,36,8,7,103909,20182,935,1072,182,208
20200814,false,2204,428,18,35,3,7,104841,20363,932,1016,181,197
20200815,false,2260,439,56,35,11,7,105882,20565,1041,946,202,184
20200816,false,2269,441,9,36,2,7,106497,20684,615,917,119,178
20200817,false,2288,444,19,34,4,7,106953,20773,456,866,89,168
20200818,false,2343,455,55,34,11,7,107672,20912,719,828,140,161
20200819,false,2360,458,17,35,3,7,108411,21056,739,792,144,154
20200820,false,2401,466,41,31,8,6,109320,21232,909,777,177,151
20200821,false,2459,478,58,31,11,6,110378,21438,1058,773,205,150
20200822,false,2493,484,34,36,7,7,111295,21616,917,791,178,154
20200823,false,2504,486,11,33,2,6,111988,21751,693,773,135,150
20200824,false,2511,488,7,34,1,7,112551,21860,563,784,109,152
20200825,false,2529,491,18,32,3,6,113488,22042,937,800,182,155
20200826,false,2573,500,44,27,9,5,114093,22160,605,831,118,161
20200827,false,2628,510,55,30,11,6,114598,22258,505,812,98,158
20200828,false,2655,516,27,32,5,6,115951,22520,1353,754,263,146
20200829,false,2698,524,43,28,8,5,117249,22772,1298,796,252,155
20200830,false,2709,526,11,29,2,6,118324,22981,1075,851,209,165
20200831,false,2720,528,11,29,2,6,118992,23111,668,905,130,176
20200901,false,2757,535,37,30,7,6,119846,23277,854,920,166,179
20200902,false,2794,543,37,33,7,6,120503,23404,657,908,128,176
20200903,false,2807,545,13,32,3,6,121696,23636,1193,916,232,178
20200904,false,2846,553,39,26,8,5,123325,23953,1629,1014,316,197
20200905,false,2877,559,31,27,6,5,124289,24140,964,1053,187,205
20200906,false,2887,561,10,26,2,5,124952,24269,663,1006,129,195
20200907,false,2907,565,20,25,4,5,125607,24396,655,947,127,184
20200908,false,2912,566,5,27,1,5,125908,24454,301,945,58,184
20200909,false,2942,571,30,22,6,4,126213,24513,305,866,59,168
20200910,false,2975,578,33,21,6,4,126592,24587,379,816,74,158
20200911,false,3028,588,53,24,10,5,129046,25064,2454,699,477,136
20200912,false,3040,590,12,26,2,5,129978,25245,932,817,181,159
20200913,false,3064,595,24,23,5,4,131864,25611,1886,813,366,158
20200914,false,3077,598,13,25,3,5,132680,25770,816,987,158,192
20200915,false,3098,602,21,24,4,5,133470,25923,790,1010,153,196
20200916,false,3132,608,34,27,7,5,134122,26050,652,1080,127,210
20200917,false,3158,613,26,27,5,5,135446,26307,1324,1130,257,219
20200918,false,3177,617,19,26,4,5,136318,26476,872,1265,169,246
20200919,false,3188,619,11,21,2,4,137240,26655,922,1039,179,202
20200920,false,3199,621,11,21,2,4,137708,26746,468,1037,91,201
20200921,false,3212,624,13,19,3,4,138124,26827,416,835,81,162
20200922,false,3243,630,31,19,6,4,140789,27344,2665,778,518,151
20200923,false,3262,634,19,21,4,4,141686,27519,897,1046,174,203
20200924,false,3279,637,17,19,3,4,142707,27717,1021,1081,198,210
20200925,false,3297,640,18,17,3,3,143902,27949,1195,1037,232,201
20200926,false,3323,645,26,17,5,3,145273,28215,1371,1083,266,210
20200927,false,3326,646,3,19,1,4,145887,28335,614,1148,119,223
20200928,false,3337,648,11,18,2,3,146455,28445,568,1168,110,227
20200929,false,3359,652,22,18,4,3,147634,28674,1179,1190,229,231
20200930,false,3378,656,19,17,4,3,147942,28734,308,978,60,190
20201001,false,3400,660,22,17,4,3,148323,28808,381,894,74,174
20201002,false,3409,662,9,17,2,3,149185,28975,862,802,167,156
20201003,false,3442,669,33,16,6,3,150891,29307,1706,755,331,147
20201004,false,3453,671,11,17,2,3,151582,29441,691,803,134,156
20201005,false,3456,671,3,18,1,3,152159,29553,577,814,112,158
20201006,false,3471,674,15,17,3,3,152970,29710,811,815,158,158
20201007,false,3502,680,31,16,6,3,153705,29853,735,762,143,148
20201008,false,3514,683,12,18,2,3,154755,30057,1050,823,204,160
20201009,false,3530,686,16,16,3,3,155676,30236,921,919,179,178
20201010,false,3551,690,21,17,4,3,156621,30419,945,927,184,180
20201011,false,3552,690,1,16,0,3,157406,30572,785,819,152,159
20201012,false,3559,691,7,14,1,3,158055,30698,649,832,126,162
20201013,false,3576,695,17,15,3,3,158883,30859,828,842,161,164
20201014,false,3593,698,17,15,3,3,159809,31039,926,845,180,164
20201015,false,3607,701,14,13,3,3,161106,31291,1297,872,252,169
20201016,false,3615,702,8,13,2,3,162253,31513,1147,907,223,176
20201017,false,3637,706,22,12,4,2,163214,31700,961,940,187,183
20201018,false,3650,709,13,12,3,2,163990,31851,776,942,151,183
20201019,false,3661,711,11,14,2,3,164609,31971,619,941,120,183
20201020,false,3696,718,35,15,7,3,165493,32143,884,936,172,182
20201021,false,3708,720,12,17,2,3,166357,32310,864,944,168,183
20201022,false,3755,729,47,16,9,3,167485,32529,1128,935,219,182
20201023,false,3777,734,22,21,4,4,168549,32736,1064,911,207,177
20201024,false,3793,737,16,23,3,4,169341,32890,792,899,154,175
20201025,false,3802,738,9,22,2,4,170678,33150,1337,875,260,170
20201026,false,3823,743,21,22,4,4,171501,33309,823,955,160,185
20201027,false,3842,746,19,23,4,4,172579,33519,1078,985,209,191
20201028,false,3876,753,34,21,7,4,173491,33696,912,1012,177,197
20201029,false,3889,755,13,24,3,5,174591,33910,1100,1019,214,198
20201030,false,3896,757,7,19,1,4,175594,34104,1003,1015,195,197
20201031,false,3935,764,39,17,8,3,176612,34302,1018,1006,198,195
20201101,false,3936,764,1,20,0,4,178023,34576,1411,1039,274,202
20201102,false,3946,766,10,19,2,4,178917,34750,894,1049,174,204
20201103,false,3968,771,22,18,4,3,179952,34951,1035,1059,201,206
20201104,false,3985,774,17,18,3,3,180870,35129,918,1053,178,205
20201105,false,3992,775,7,16,1,3,181639,35279,769,1054,149,205
20201106,false,4005,778,13,15,3,3,182872,35518,1233,1007,239,196
20201107,false,4015,780,10,16,2,3,184742,35881,1870,1040,363,202
20201108,false,4036,784,21,11,4,2,185688,36065,946,1161,184,225
20201109,false,4041,785,5,14,1,3,186391,36201,703,1095,137,213
20201110,false,4062,789,21,14,4,3,187738,36463,1347,1068,262,207
20201111,false,4076,792,14,13,3,3,188995,36707,1257,1112,244,216
20201112,false,4084,793,8,13,2,3,190490,36998,1495,1161,290,225
20201113,true,4096,796,12,12,2,2,191657,37224,1167,1167,227,227
20201114,true,4107,798,11,11,2,2,192830,37452,1173,1173,228,228
20201115,true,4117,800,10,10,2,2,194008,37681,1179,1179,229,229
20201116,true,4127,801,9,9,2,2,195193,37911,1185,1185,230,230
20201117,true,4135,803,9,9,2,2,196383,38142,1191,1191,231,231
20201118,true,4143,805,8,8,2,2,197580,38375,1197,1197,232,232
20201119,true,4150,806,7,7,1,1,198782,38608,1203,1203,234,234
20201120,true,4157,807,7,7,1,1,199991,38843,1209,1209,235,235
20201121,true,4163,809,6,6,1,1,201206,39079,1215,1215,236,236
20201122,true,4169,810,6,6,1,1,202427,39316,1221,1221,237,237
20201123,true,4174,811,5,5,1,1,203654,39554,1227,1227,238,238
20201124,true,4179,812,5,5,1,1,204887,39794,1233,1233,240,240
20201125,true,4184,813,4,4,1,1,206126,40034,1239,1239,241,241
20201126,true,4188,813,4,4,1,1,207372,40276,1246,1246,242,242
