date,projected,deaths,deathsPerMillion,deathIncrease,deathIncreaseAverage,deathIncreasePerMillion,deathIncreaseAveragePerMillion,positive,positivePerMillion,positiveIncrease,positiveIncreaseAverage,positiveIncreasePerMillion,positiveIncreaseAveragePerMillion
20200307,false,0,0,0,0,0,0,0,0,0,0,0,0
20200308,false,0,0,0,0,0,0,0,0,0,0,0,0
20200309,false,0,0,0,0,0,0,0,0,0,0,0,0
20200310,false,0,0,0,0,0,0,0,0,0,0,0,0
20200311,false,0,0,0,0,0,0,5,6,5,5,6,6
20200312,false,0,0,0,0,0,0,8,9,3,3,3,3
20200313,false,0,0,0,0,0,0,9,10,1,1,1,1
20200314,false,0,0,0,0,0,0,9,10,0,0,0,0
20200315,false,0,0,0,0,0,0,9,10,0,1,0,1
20200316,false,0,0,0,0,0,0,10,11,1,1,1,1
20200317,false,0,0,0,0,0,0,11,12,1,1,1,1
20200318,false,1,1,1,0,1,0,11,12,0,2,0,2
20200319,false,1,1,0,0,0,0,11,12,0,1,0,1
20200320,false,1,1,0,0,0,0,14,16,3,0,3,0
20200321,false,1,1,0,0,0,0,14,16,0,1,0,1
20200322,false,1,1,0,0,0,0,21,24,7,1,8,1
20200323,false,1,1,0,0,0,0,28,32,7,2,8,2
20200324,false,1,1,0,0,0,0,30,34,2,3,2,3
20200325,false,1,1,0,0,0,0,41,46,11,3,12,3
20200326,false,1,1,0,0,0,0,46,52,5,4,6,5
20200327,false,1,1,0,0,0,0,58,66,12,5,14,6
20200328,false,1,1,0,0,0,0,68,77,10,6,11,7
20200329,false,1,1,0,0,0,0,90,102,22,8,25,9
20200330,false,1,1,0,0,0,0,101,114,11,10,12,11
20200331,false,1,1,0,0,0,0,108,122,7,10,8,11
20200401,false,2,2,1,0,1,0,129,146,21,11,24,12
20200402,false,2,2,0,0,0,0,165,187,36,13,41,15
20200403,false,2,2,0,0,0,0,187,211,22,17,25,19
20200404,false,2,2,0,0,0,0,212,240,25,18,28,20
20200405,false,2,2,0,0,0,0,240,271,28,21,32,24
20200406,false,4,5,2,0,2,0,288,326,48,21,54,24
20200407,false,6,7,2,0,2,0,320,362,32,27,36,31
20200408,false,6,7,0,1,0,1,393,444,73,30,83,34
20200409,false,6,7,0,1,0,1,447,505,54,38,61,43
20200410,false,6,7,0,1,0,1,536,606,89,40,101,45
20200411,false,6,7,0,1,0,1,626,708,90,50,102,57
20200412,false,6,7,0,1,0,1,730,825,104,59,118,67
20200413,false,6,7,0,1,0,1,868,981,138,70,156,79
20200414,false,6,7,0,0,0,0,988,1117,120,83,136,94
20200415,false,6,7,0,0,0,0,1168,1320,180,95,203,107
20200416,false,7,8,1,0,1,0,1311,1482,143,111,162,125
20200417,false,7,8,0,0,0,0,1411,1595,100,123,113,139
20200418,false,7,8,0,0,0,0,1542,1743,131,125,148,141
20200419,false,7,8,0,0,0,0,1635,1848,93,131,105,148
20200420,false,7,8,0,0,0,0,1685,1905,50,129,57,146
20200421,false,8,9,1,0,1,0,1755,1984,70,117,79,132
20200422,false,8,9,0,0,0,0,1858,2100,103,110,116,124
20200423,false,9,10,1,0,1,0,1956,2211,98,99,111,112
20200424,false,10,11,1,0,1,0,2040,2306,84,92,95,104
20200425,false,10,11,0,0,0,0,2147,2427,107,90,121,102
20200426,false,11,12,1,0,1,0,2212,2500,65,86,73,97
20200427,false,11,12,0,1,0,1,2245,2538,33,82,37,93
20200428,false,11,12,0,1,0,1,2313,2615,68,80,77,90
20200429,false,13,15,2,0,2,0,2373,2682,60,80,68,90
20200430,false,17,19,4,1,5,1,2449,2768,76,74,86,84
20200501,false,21,24,4,1,5,1,2525,2854,76,70,86,79
20200502,false,21,24,0,2,0,2,2588,2925,63,69,71,78
20200503,false,21,24,0,2,0,2,2631,2974,43,63,49,71
20200504,false,21,24,0,1,0,1,2668,3016,37,60,42,68
20200505,false,24,27,3,1,3,1,2721,3076,53,60,60,68
20200506,false,29,33,5,2,6,2,2779,3141,58,58,66,66
20200507,false,31,35,2,2,2,2,2905,3284,126,58,142,66
20200508,false,31,35,0,2,0,2,3144,3554,239,65,270,73
20200509,false,34,38,3,1,3,1,3393,3835,249,88,281,99
20200510,false,34,38,0,2,0,2,3517,3976,124,115,140,130
20200511,false,34,38,0,2,0,2,3614,4085,97,127,110,144
20200512,false,39,44,5,2,6,2,3663,4141,49,135,55,153
20200513,false,39,44,0,2,0,2,3732,4219,69,135,78,153
20200514,false,43,49,4,1,5,1,3792,4286,60,136,68,154
20200515,false,44,50,1,2,1,2,3887,4394,95,127,107,144
20200516,false,44,50,0,2,0,2,3959,4475,72,106,81,120
20200517,false,44,50,0,1,0,1,3987,4507,28,81,32,92
20200518,false,44,50,0,1,0,1,4027,4552,40,67,45,76
20200519,false,46,52,2,1,2,1,4085,4618,58,59,66,67
20200520,false,46,52,0,1,0,1,4177,4722,92,60,104,68
20200521,false,48,54,2,1,2,1,4250,4804,73,64,83,72
20200522,false,50,57,2,1,2,1,4356,4924,106,65,120,73
20200523,false,50,57,0,1,0,1,4468,5051,112,67,127,76
20200524,false,50,57,0,1,0,1,4563,5158,95,73,107,83
20200525,false,50,57,0,1,0,1,4586,5184,23,82,26,93
20200526,false,50,57,0,1,0,1,4653,5260,67,80,76,90
20200527,false,54,61,4,1,5,1,4710,5324,57,81,64,92
20200528,false,54,61,0,1,0,1,4793,5418,83,76,94,86
20200529,false,59,67,5,1,6,1,4866,5500,73,78,83,88
20200530,false,62,70,3,1,3,1,4960,5607,94,73,106,83
20200531,false,62,70,0,2,0,2,4993,5644,33,70,37,79
20200601,false,62,70,0,2,0,2,5034,5690,41,61,46,69
20200602,false,62,70,0,2,0,2,5067,5728,33,64,37,72
20200603,false,62,70,0,2,0,2,5162,5835,95,59,107,67
20200604,false,64,72,2,1,2,1,5247,5931,85,65,96,73
20200605,false,65,73,1,1,1,1,5277,5965,30,65,34,73
20200606,false,65,73,0,1,0,1,5367,6067,90,59,102,67
20200607,false,65,73,0,0,0,0,5438,6147,71,58,80,66
20200608,false,65,73,0,0,0,0,5471,6184,33,64,37,72
20200609,false,68,77,3,0,3,0,5523,6243,52,62,59,70
20200610,false,69,78,1,1,1,1,5604,6335,81,65,92,73
20200611,false,73,83,4,1,5,1,5665,6404,61,63,69,71
20200612,false,74,84,1,1,1,1,5742,6491,77,60,87,68
20200613,false,75,85,1,1,1,1,5833,6594,91,66,103,75
20200614,false,75,85,0,1,0,1,5898,6667,65,67,73,76
20200615,false,75,85,0,1,0,1,5928,6701,30,66,34,75
20200616,false,77,87,2,1,2,1,5966,6744,38,65,43,73
20200617,false,78,88,1,1,1,1,6050,6839,84,63,95,71
20200618,false,78,88,0,1,0,1,6109,6905,59,64,67,72
20200619,false,81,92,3,1,3,1,6158,6961,49,63,55,71
20200620,false,81,92,0,1,0,1,6225,7037,67,59,76,67
20200621,false,81,92,0,1,0,1,6297,7118,72,56,81,63
20200622,false,81,92,0,1,0,1,6326,7151,29,57,33,64
20200623,false,83,94,2,1,2,1,6353,7181,27,57,31,64
20200624,false,84,95,1,1,1,1,6419,7256,66,55,75,62
20200625,false,87,98,3,1,3,1,6479,7324,60,53,68,60
20200626,false,88,99,1,1,1,1,6535,7387,56,53,63,60
20200627,false,91,103,3,1,3,1,6626,7490,91,54,103,61
20200628,false,91,103,0,1,0,1,6681,7552,55,57,62,64
20200629,false,91,103,0,1,0,1,6716,7592,35,55,40,62
20200630,false,91,103,0,1,0,1,6764,7646,48,56,54,63
20200701,false,93,105,2,1,2,1,6826,7716,62,59,70,67
20200702,false,97,110,4,1,5,1,6893,7792,67,58,76,66
20200703,false,97,110,0,1,0,1,6978,7888,85,59,96,67
20200704,false,97,110,0,1,0,1,7028,7944,50,63,57,71
20200705,false,97,110,0,1,0,1,7063,7984,35,57,40,64
20200706,false,97,110,0,1,0,1,7105,8031,42,55,47,62
20200707,false,98,111,1,1,1,1,7163,8097,58,56,66,63
20200708,false,98,111,0,1,0,1,7242,8186,79,57,89,64
20200709,false,101,114,3,1,3,1,7336,8292,94,59,106,67
20200710,false,107,121,6,1,7,1,7401,8366,65,63,73,71
20200711,false,109,123,2,1,2,1,7454,8426,53,60,60,68
20200712,false,109,123,0,2,0,2,7499,8477,45,61,51,69
20200713,false,109,123,0,2,0,2,7524,8505,25,62,28,70
20200714,false,109,123,0,2,0,2,7572,8559,48,60,54,68
20200715,false,111,125,2,2,2,2,7652,8650,80,58,90,66
20200716,false,115,130,4,2,5,2,7694,8697,42,59,47,67
20200717,false,116,131,1,2,1,2,7789,8805,95,51,107,58
20200718,false,116,131,0,1,0,1,7862,8887,73,55,83,62
20200719,false,118,133,2,1,2,1,7906,8937,44,58,50,66
20200720,false,118,133,0,1,0,1,7943,8979,37,58,42,66
20200721,false,118,133,0,1,0,1,8019,9065,76,60,86,68
20200722,false,119,135,1,1,1,1,8077,9130,58,64,66,72
20200723,false,121,137,2,1,2,1,8143,9205,66,61,75,69
20200724,false,122,138,1,1,1,1,8200,9269,57,64,64,72
20200725,false,122,138,0,1,0,1,8305,9388,105,59,119,67
20200726,false,123,139,1,1,1,1,8395,9490,90,63,102,71
20200727,false,123,139,0,1,0,1,8444,9545,49,70,55,79
20200728,false,123,139,0,1,0,1,8492,9599,48,72,54,81
20200729,false,129,146,6,1,7,1,8641,9768,149,68,168,77
20200730,false,129,146,0,1,0,1,8685,9817,44,81,50,92
20200731,false,130,147,1,1,1,1,8764,9907,79,77,89,87
20200801,false,134,151,4,1,5,1,8867,10023,103,81,116,92
20200802,false,135,153,1,2,1,2,8955,10123,88,80,99,90
20200803,false,135,153,0,2,0,2,9020,10196,65,80,73,90
20200804,false,136,154,1,2,1,2,9079,10263,59,82,67,93
20200805,false,137,155,1,2,1,2,9168,10363,89,84,101,95
20200806,false,141,159,4,1,5,1,9273,10482,105,75,119,85
20200807,false,144,163,3,2,3,2,9371,10593,98,84,111,95
20200808,false,146,165,2,2,2,2,9477,10713,106,87,120,98
20200809,false,146,165,0,2,0,2,9605,10857,128,87,145,98
20200810,false,146,165,0,2,0,2,9663,10923,58,93,66,105
20200811,false,146,165,0,2,0,2,9713,10979,50,92,57,104
20200812,false,147,166,1,1,1,1,9815,11095,102,91,115,103
20200813,false,148,167,1,1,1,1,9897,11187,82,92,93,104
20200814,false,150,170,2,1,2,1,10024,11331,127,89,144,101
20200815,false,152,172,2,1,2,1,10118,11437,94,93,106,105
20200816,false,153,173,1,1,1,1,10274,11614,156,92,176,104
20200817,false,153,173,0,1,0,1,10360,11711,86,96,97,109
20200818,false,154,174,1,1,1,1,10443,11805,83,100,94,113
20200819,false,155,175,1,1,1,1,10566,11944,123,104,139,118
20200820,false,157,177,2,1,2,1,10691,12085,125,107,141,121
20200821,false,159,180,2,1,2,1,10884,12303,193,113,218,128
20200822,false,160,181,1,1,1,1,11135,12587,251,123,284,139
20200823,false,161,182,1,1,1,1,11276,12746,141,145,159,164
20200824,false,161,182,0,1,0,1,11425,12915,149,143,168,162
20200825,false,161,182,0,1,0,1,11559,13066,134,152,151,172
20200826,false,162,183,1,1,1,1,11851,13396,292,159,330,180
20200827,false,162,183,0,1,0,1,12194,13784,343,184,388,208
20200828,false,165,187,3,1,3,1,12517,14149,323,215,365,243
20200829,false,167,189,2,1,2,1,12942,14629,425,233,480,263
20200830,false,167,189,0,1,0,1,13322,15059,380,258,430,292
20200831,false,167,189,0,1,0,1,13509,15270,187,292,211,330
20200901,false,167,189,0,1,0,1,13749,15542,240,298,271,337
20200902,false,169,191,2,1,2,1,14003,15829,254,313,287,354
20200903,false,169,191,0,1,0,1,14337,16206,334,307,378,347
20200904,false,170,192,1,1,1,1,14596,16499,259,306,293,346
20200905,false,173,196,3,1,3,1,14889,16830,293,297,331,336
20200906,false,173,196,0,1,0,1,15109,17079,220,278,249,314
20200907,false,173,196,0,1,0,1,15300,17295,191,255,216,288
20200908,false,173,196,0,1,0,1,15403,17411,103,256,116,289
20200909,false,173,196,0,1,0,1,15571,17601,168,236,190,267
20200910,false,177,200,4,1,5,1,15834,17898,263,224,297,253
20200911,false,177,200,0,1,0,1,16117,18218,283,214,320,242
20200912,false,183,207,6,1,7,1,16437,18580,320,217,362,245
20200913,false,184,208,1,1,1,1,16638,18807,201,221,227,250
20200914,false,184,208,0,2,0,2,16801,18991,163,218,184,246
20200915,false,184,208,0,2,0,2,16994,19210,193,214,218,242
20200916,false,192,217,8,2,9,2,17291,19545,297,227,336,257
20200917,false,193,218,1,3,1,3,17686,19992,395,246,446,278
20200918,false,198,224,5,2,6,2,18075,20432,389,265,440,300
20200919,false,200,226,2,3,2,3,18444,20849,369,280,417,317
20200920,false,202,228,2,2,2,2,18696,21134,252,287,285,324
20200921,false,202,228,0,3,0,3,18869,21329,173,294,196,332
20200922,false,202,228,0,3,0,3,19189,21691,320,295,362,333
20200923,false,202,228,0,3,0,3,19634,22194,445,314,503,355
20200924,false,210,237,8,1,9,1,20097,22717,463,335,523,379
20200925,false,216,244,6,2,7,2,20554,23234,457,344,517,389
20200926,false,218,246,2,3,2,3,21133,23888,579,354,654,400
20200927,false,218,246,0,3,0,3,21541,24349,408,384,461,434
20200928,false,218,246,0,2,0,2,21738,24572,197,406,223,459
20200929,false,223,252,5,2,6,2,21997,24865,259,410,293,463
20200930,false,223,252,0,3,0,3,22389,25308,392,401,443,453
20201001,false,236,267,13,3,15,3,23136,26152,747,394,844,445
20201002,false,237,268,1,4,1,5,23522,26589,386,434,436,491
20201003,false,248,280,11,3,12,3,23986,27113,464,424,524,479
20201004,false,248,280,0,4,0,5,24418,27602,432,408,488,461
20201005,false,248,280,0,4,0,5,24598,27805,180,411,203,465
20201006,false,248,280,0,4,0,5,24876,28119,278,409,314,462
20201007,false,258,292,10,4,11,5,25906,29284,1030,411,1164,465
20201008,false,272,307,14,5,16,6,26411,29854,505,502,571,567
20201009,false,277,313,5,5,6,6,27215,30763,804,468,909,529
20201010,false,286,323,9,6,10,7,27947,31591,732,528,827,597
20201011,false,286,323,0,5,0,6,28564,32288,617,566,697,640
20201012,false,288,326,2,5,2,6,28925,32696,361,592,408,669
20201013,false,288,326,0,6,0,7,29339,33164,414,618,468,699
20201014,false,291,329,3,6,3,7,30215,34154,876,638,990,721
20201015,false,304,344,13,5,15,6,31012,35055,797,616,901,696
20201016,false,307,347,3,5,3,6,31805,35952,793,657,896,743
20201017,false,315,356,8,4,9,5,32611,36863,806,656,911,742
20201018,false,323,365,8,4,9,5,33269,37607,658,666,744,753
20201019,false,323,365,0,5,0,6,33836,38248,567,672,641,760
20201020,false,330,373,7,5,8,6,34457,38949,621,702,702,794
20201021,false,333,376,3,6,3,7,35044,39613,587,731,664,826
20201022,false,347,392,14,6,16,7,36017,40713,973,690,1100,780
20201023,false,356,402,9,6,10,7,37202,42052,1185,715,1339,808
20201024,false,366,414,10,7,11,8,38141,43114,939,771,1061,872
20201025,false,375,424,9,7,10,8,39203,44314,1062,790,1200,893
20201026,false,375,424,0,7,0,8,39741,44922,538,848,608,959
20201027,false,375,424,0,7,0,8,40730,46040,989,844,1118,954
20201028,false,384,434,9,6,10,7,42000,47476,1270,896,1436,1013
20201029,false,403,456,19,7,21,8,43000,48606,1000,994,1130,1124
20201030,false,415,469,12,8,14,9,44559,50369,1559,998,1762,1128
20201031,false,425,480,10,8,11,9,45992,51988,1433,1051,1620,1188
20201101,false,437,494,12,8,14,9,47324,53494,1332,1122,1506,1268
20201102,false,438,495,1,9,1,10,47850,54089,526,1160,595,1311
20201103,false,446,504,8,9,9,10,48854,55224,1004,1158,1135,1309
20201104,false,460,520,14,10,16,11,49791,56283,937,1161,1059,1312
20201105,false,482,545,22,11,25,12,51151,57820,1360,1113,1537,1258
20201106,false,510,576,28,11,32,12,52639,59502,1488,1164,1682,1316
20201107,false,523,591,13,14,15,16,53976,61013,1337,1154,1511,1304
20201108,false,536,606,13,14,15,16,55404,62628,1428,1141,1614,1290
20201109,false,537,607,1,14,1,16,56311,63653,907,1154,1025,1304
20201110,false,540,610,3,14,3,16,57334,64809,1023,1209,1156,1367
20201111,false,567,641,27,13,31,15,58696,66349,1362,1211,1540,1369
20201112,false,567,641,0,15,0,17,60716,68632,2020,1272,2283,1438
20201113,false,568,642,1,12,1,14,62327,70453,1611,1366,1821,1544
20201114,false,621,702,53,8,60,9,64182,72550,1855,1384,2097,1564
20201115,false,644,728,23,14,26,16,65381,73905,1199,1458,1355,1648
20201116,false,644,728,0,15,0,17,66278,74919,897,1425,1014,1611
20201117,false,644,728,0,15,0,17,67284,76056,1006,1424,1137,1610
20201118,false,674,762,30,15,34,17,68671,77624,1387,1421,1568,1606
20201119,false,705,797,31,15,35,17,69742,78835,1071,1425,1211,1611
20201120,false,741,838,36,20,41,23,71070,80336,1328,1289,1501,1457
20201121,false,777,878,36,25,41,28,72214,81629,1144,1249,1293,1412
20201122,false,819,926,42,22,47,25,73065,82591,851,1147,962,1297
20201123,false,819,926,0,25,0,28,73848,83476,783,1098,885,1241
20201124,false,821,928,2,25,2,28,74859,84619,1011,1081,1143,1222
20201125,false,849,960,28,25,32,28,76142,86069,1283,1082,1450,1223
20201126,false,849,960,0,25,0,28,76142,86069,0,1067,0,1206
20201127,false,888,1004,39,21,44,24,78280,88486,2138,914,2417,1033
20201128,false,942,1065,54,21,61,24,79099,89412,819,1030,926,1164
20201129,false,943,1066,1,24,1,27,79900,90317,801,984,905,1112
20201130,true,969,1100,26,26,29,29,80800,91300,880,880,995,995
20201201,true,996,1130,27,27,30,30,81600,92300,838,838,947,947
20201202,true,1020,1160,28,28,32,32,82400,93200,797,797,901,901
20201203,true,1050,1190,29,29,33,33,83200,94000,756,756,855,855
20201204,true,1080,1220,29,29,33,33,83900,94800,715,715,808,808
20201205,true,1110,1260,30,30,34,34,84600,95600,674,674,762,762
20201206,true,1140,1290,31,31,35,35,85200,96300,633,633,716,716
20201207,true,1180,1330,32,32,36,36,85800,97000,592,592,669,669
20201208,true,1210,1360,32,32,36,36,86300,97600,550,550,622,622
20201209,true,1240,1400,33,33,37,37,86800,98200,509,509,575,575
20201210,true,1270,1440,34,34,38,38,87300,98700,468,468,529,529
20201211,true,1310,1480,35,35,40,40,87700,99200,427,427,483,483
20201212,true,1340,1520,35,35,40,40,88100,99600,386,386,436,436
20201213,true,1380,1560,36,36,41,41,88500,100000,345,345,390,390
