date,projected,deaths,deathsPerMillion,deathIncrease,deathIncreaseAverage,deathIncreasePerMillion,deathIncreaseAveragePerMillion,positive,positivePerMillion,positiveIncrease,positiveIncreaseAverage,positiveIncreasePerMillion,positiveIncreaseAveragePerMillion
20200227,false,0,0,0,0,0,0,0,0,0,0,0,0
20200228,false,0,0,0,0,0,0,0,0,0,0,0,0
20200229,false,0,0,0,0,0,0,0,0,0,0,0,0
20200301,false,0,0,0,0,0,0,0,0,0,0,0,0
20200302,false,0,0,0,0,0,0,0,0,0,0,0,0
20200303,false,0,0,0,0,0,0,0,0,0,0,0,0
20200304,false,0,0,0,0,0,0,0,0,0,0,0,0
20200305,false,0,0,0,0,0,0,0,0,0,0,0,0
20200306,false,0,0,0,0,0,0,0,0,0,0,0,0
20200307,false,0,0,0,0,0,0,0,0,0,0,0,0
20200308,false,0,0,0,0,0,0,2,0,2,0,0,0
20200309,false,0,0,0,0,0,0,3,0,1,0,0,0
20200310,false,0,0,0,0,0,0,8,1,5,0,1,0
20200311,false,0,0,0,0,0,0,9,1,1,1,0,0
20200312,false,0,0,0,0,0,0,17,2,8,1,1,0
20200313,false,0,0,0,0,0,0,30,4,13,2,2,0
20200314,false,0,0,0,0,0,0,30,4,0,4,0,0
20200315,false,1,0,1,0,0,0,45,5,15,4,2,0
20200316,false,1,0,0,0,0,0,51,6,6,6,1,1
20200317,false,1,0,0,0,0,0,67,8,16,7,2,1
20200318,false,1,0,0,0,0,0,77,9,10,8,1,1
20200319,false,2,0,1,0,0,0,94,11,17,10,2,1
20200320,false,2,0,0,0,0,0,114,13,20,11,2,1
20200321,false,2,0,0,0,0,0,152,18,38,12,4,1
20200322,false,3,0,1,0,0,0,219,26,67,17,8,2
20200323,false,6,1,3,0,0,0,254,30,35,25,4,3
20200324,false,7,1,1,1,0,0,290,34,36,29,4,3
20200325,false,9,1,2,1,0,0,391,46,101,32,12,4
20200326,false,13,2,4,1,0,0,460,54,69,45,8,5
20200327,false,14,2,1,2,0,0,604,71,144,52,17,6
20200328,false,17,2,3,2,0,0,739,87,135,70,16,8
20200329,false,22,3,5,2,1,0,890,104,151,84,18,10
20200330,false,25,3,3,3,0,0,1020,120,130,96,15,11
20200331,false,27,3,2,3,0,0,1250,146,230,109,27,13
20200401,false,34,4,7,3,1,0,1484,174,234,137,27,16
20200402,false,41,5,7,4,1,0,1706,200,222,156,26,18
20200403,false,46,5,5,4,1,0,2012,236,306,178,36,21
20200404,false,52,6,6,5,1,1,2407,282,395,201,46,24
20200405,false,51,6,-1,5,0,1,2637,309,230,238,27,28
20200406,false,54,6,3,4,0,0,2878,337,241,250,28,29
20200407,false,63,7,9,4,1,0,3333,390,455,265,53,31
20200408,false,75,9,12,5,1,1,3645,427,312,298,37,35
20200409,false,109,13,34,6,4,1,4042,474,397,309,47,36
20200410,false,121,14,12,10,1,1,4509,528,467,334,55,39
20200411,false,130,15,9,11,1,1,5077,595,568,357,67,42
20200412,false,141,17,11,11,1,1,5274,618,197,381,23,45
20200413,false,149,17,8,13,1,2,5747,673,473,377,55,44
20200414,false,154,18,5,14,1,2,6171,723,424,410,50,48
20200415,false,195,23,41,13,5,2,6500,762,329,405,39,47
20200416,false,208,24,13,17,2,2,6889,807,389,408,46,48
20200417,false,231,27,23,14,3,2,7491,878,602,407,71,48
20200418,false,258,30,27,16,3,2,8053,943,562,426,66,50
20200419,false,277,32,19,18,2,2,8537,1000,484,425,57,50
20200420,false,300,35,23,19,3,2,8990,1053,453,466,53,55
20200421,false,324,38,24,22,3,3,9630,1128,640,463,75,54
20200422,false,349,41,25,24,3,3,10266,1203,636,494,75,58
20200423,false,372,44,23,22,3,3,10998,1288,732,538,86,63
20200424,false,410,48,38,23,4,3,11594,1358,596,587,70,69
20200425,false,436,51,26,26,3,3,12366,1449,772,586,90,69
20200426,false,448,52,12,25,1,3,12970,1520,604,616,71,72
20200427,false,458,54,10,24,1,3,13535,1586,565,633,66,74
20200428,false,492,58,34,23,4,3,14339,1680,804,649,94,76
20200429,false,522,61,30,24,4,3,14961,1753,622,673,73,79
20200430,false,552,65,30,25,4,3,15846,1856,885,671,104,79
20200501,false,581,68,29,26,3,3,16901,1980,1055,693,124,81
20200502,false,616,72,35,24,4,3,17731,2077,830,758,97,89
20200503,false,660,77,44,26,5,3,18671,2187,940,766,110,90
20200504,false,684,80,24,30,3,4,19492,2284,821,814,96,95
20200505,false,713,84,29,32,3,4,20256,2373,764,851,90,100
20200506,false,713,84,0,32,0,4,20256,2373,0,845,0,99
20200507,false,769,90,56,27,7,3,21570,2527,1314,756,154,89
20200508,false,812,95,43,31,5,4,22342,2618,772,818,90,96
20200509,false,827,97,15,33,2,4,23196,2718,854,777,100,91
20200510,false,839,98,12,30,1,4,24081,2821,885,781,104,92
20200511,false,850,100,11,26,1,3,25070,2937,989,773,116,91
20200512,false,891,104,41,24,5,3,25800,3023,730,797,86,93
20200513,false,927,109,36,25,4,3,26746,3133,946,792,111,93
20200514,false,955,112,28,31,3,4,27813,3259,1067,927,125,109
20200515,false,977,114,22,27,3,3,28672,3359,859,892,101,105
20200516,false,1002,117,25,24,3,3,29683,3478,1011,904,118,106
20200517,false,1009,118,7,25,1,3,30388,3560,705,927,83,109
20200518,false,1014,119,5,24,1,3,31140,3648,752,901,88,106
20200519,false,1041,122,27,23,3,3,32145,3766,1005,867,118,102
20200520,false,1074,126,33,21,4,2,32908,3855,763,906,89,106
20200521,false,1099,129,25,21,3,2,34137,3999,1229,880,144,103
20200522,false,1136,133,37,21,4,2,34950,4095,813,903,95,106
20200523,false,1159,136,23,23,3,3,35749,4188,799,897,94,105
20200524,false,1171,137,12,22,1,3,36244,4246,495,867,58,102
20200525,false,1208,142,37,23,4,3,37727,4420,1483,837,174,98
20200526,false,1236,145,28,28,3,3,39342,4609,1615,941,189,110
20200527,false,1281,150,45,28,5,3,40249,4715,907,1028,106,120
20200528,false,1338,157,57,30,7,4,41401,4850,1152,1049,135,123
20200529,false,1358,159,20,34,2,4,42533,4983,1132,1038,133,122
20200530,false,1370,161,12,32,1,4,43611,5109,1078,1083,126,127
20200531,false,1375,161,5,30,1,4,44607,5226,996,1123,117,132
20200601,false,1392,163,17,29,2,3,45398,5319,791,1195,93,140
20200602,false,1407,165,15,26,2,3,46239,5417,841,1096,99,128
20200603,false,1428,167,21,24,2,3,46905,5495,666,985,78,115
20200604,false,1445,169,17,21,2,2,47856,5607,951,951,111,111
20200605,false,1453,170,8,15,1,2,48532,5686,676,922,79,108
20200606,false,1460,171,7,14,1,2,49397,5787,865,857,101,100
20200607,false,1472,172,12,13,1,2,50681,5938,1284,827,150,97
20200608,false,1477,173,5,14,1,2,51251,6004,570,868,67,102
20200609,false,1496,175,19,12,2,1,51738,6061,487,836,57,98
20200610,false,1514,177,18,13,2,2,52177,6113,439,786,51,92
20200611,false,1520,178,6,12,1,1,52647,6168,470,753,55,88
20200612,false,1534,180,14,11,2,1,53211,6234,564,684,66,80
20200613,false,1541,181,7,12,1,1,53869,6311,658,668,77,78
20200614,false,1546,181,5,12,1,1,54506,6386,637,639,75,75
20200615,false,1552,182,6,11,1,1,54886,6430,380,546,45,64
20200616,false,1570,184,18,11,2,1,55331,6482,445,519,52,61
20200617,false,1583,185,13,11,2,1,55775,6534,444,513,52,60
20200618,false,1586,186,3,10,0,1,56238,6589,463,514,54,60
20200619,false,1602,188,16,9,2,1,56793,6654,555,513,65,60
20200620,false,1607,188,5,10,1,1,57443,6730,650,512,76,60
20200621,false,1611,189,4,9,0,1,57994,6794,551,511,65,60
20200622,false,1620,190,9,9,1,1,58465,6850,471,498,55,58
20200623,false,1645,193,25,10,3,1,58994,6912,529,511,62,60
20200624,false,1661,195,16,11,2,1,59514,6973,520,523,61,61
20200625,false,1675,196,14,11,2,1,59946,7023,432,534,51,63
20200626,false,1700,199,25,13,3,2,60570,7096,624,530,73,62
20200627,false,1724,202,24,14,3,2,61247,7176,677,540,79,63
20200628,false,1732,203,8,17,1,2,61736,7233,489,543,57,64
20200629,false,1740,204,8,17,1,2,62189,7286,453,535,53,63
20200630,false,1763,207,23,17,3,2,62787,7356,598,532,70,62
20200701,false,1786,209,23,17,3,2,63203,7405,416,542,49,63
20200702,false,1816,213,30,18,4,2,63735,7467,532,527,62,62
20200703,false,1845,216,29,20,3,2,64393,7544,658,541,77,63
20200704,false,1849,217,4,21,0,2,65109,7628,716,546,84,64
20200705,false,1853,217,4,18,0,2,65748,7703,639,552,75,65
20200706,false,1853,217,0,17,0,2,66102,7744,354,573,41,67
20200707,false,1881,220,28,16,3,2,66740,7819,638,559,75,65
20200708,false,1905,223,24,17,3,2,67375,7893,635,565,74,66
20200709,false,1937,227,32,17,4,2,67988,7965,613,596,72,70
20200710,false,1958,229,21,17,2,2,68931,8076,943,608,110,71
20200711,false,1962,230,4,16,0,2,69782,8175,851,648,100,76
20200712,false,1966,230,4,16,0,2,70670,8280,888,668,104,78
20200713,false,1968,231,2,16,0,2,71642,8393,972,703,114,82
20200714,false,1977,232,9,16,1,2,72443,8487,801,791,94,93
20200715,false,1992,233,15,14,2,2,73527,8614,1084,815,127,95
20200716,false,2007,235,15,12,2,1,74431,8720,904,879,106,103
20200717,false,2013,236,6,10,1,1,75433,8838,1002,920,117,108
20200718,false,2025,237,12,8,1,1,76373,8948,940,929,110,109
20200719,false,2027,237,2,9,0,1,77430,9072,1057,942,124,110
20200720,false,2031,238,4,9,0,1,78375,9182,945,966,111,113
20200721,false,2048,240,17,9,2,1,79371,9299,996,962,117,113
20200722,false,2051,240,3,10,0,1,80393,9419,1022,990,120,116
20200723,false,2054,241,3,8,0,1,81237,9518,844,981,99,115
20200724,false,2067,242,13,7,2,1,82364,9650,1127,972,132,114
20200725,false,2075,243,8,8,1,1,83609,9795,1245,990,146,116
20200726,false,2078,243,3,7,0,1,84567,9908,958,1034,112,121
20200727,false,2082,244,4,7,0,1,86072,10084,1505,1020,176,120
20200728,false,2095,245,13,7,2,1,86994,10192,922,1100,108,129
20200729,false,2125,249,30,7,4,1,87993,10309,999,1089,117,128
20200730,false,2141,251,16,11,2,1,88904,10416,911,1086,107,127
20200731,false,2174,255,33,12,4,1,89888,10531,984,1095,115,128
20200801,false,2215,260,41,15,5,2,90801,10638,913,1075,107,126
20200802,false,2218,260,3,20,0,2,91782,10753,981,1027,115,120
20200803,false,2218,260,0,20,0,2,93106,10908,1324,1031,155,121
20200804,false,2244,263,26,19,3,2,94251,11042,1145,1005,134,118
20200805,false,2274,266,30,21,4,2,95049,11136,798,1037,93,121
20200806,false,2299,269,25,21,3,2,95867,11232,818,1008,96,118
20200807,false,2317,271,18,23,2,3,97882,11468,2015,995,236,117
20200808,false,2322,272,5,20,1,2,99189,11621,1307,1142,153,134
20200809,false,2326,273,4,15,0,2,100086,11726,897,1198,105,140
20200810,false,2327,273,1,15,0,2,100749,11804,663,1186,78,139
20200811,false,2344,275,17,16,2,2,101745,11920,996,1092,117,128
20200812,false,2352,276,8,14,1,2,102521,12011,776,1071,91,125
20200813,false,2363,277,11,11,1,1,103622,12140,1101,1067,129,125
20200814,false,2370,278,7,9,1,1,104838,12283,1216,1108,142,130
20200815,false,2381,279,11,8,1,1,105750,12389,912,994,107,116
20200816,false,2381,279,0,8,0,1,106687,12499,937,937,110,110
20200817,false,2385,279,4,8,0,1,107421,12585,734,943,86,110
20200818,false,2396,281,11,8,1,1,108282,12686,861,953,101,112
20200819,false,2410,282,14,7,2,1,109019,12772,737,934,86,109
20200820,false,2427,284,17,8,2,1,109882,12873,863,928,101,109
20200821,false,2436,285,9,9,1,1,110860,12988,978,894,115,105
20200822,false,2443,286,7,9,1,1,112072,13130,1212,860,142,101
20200823,false,2467,289,24,9,3,1,112966,13235,894,903,105,106
20200824,false,2471,289,4,12,0,1,113630,13313,664,897,78,105
20200825,false,2494,292,23,12,3,1,114635,13430,1005,887,118,104
20200826,false,2515,295,21,14,2,2,115458,13527,823,908,96,106
20200827,false,2515,295,0,15,0,2,115458,13527,0,920,0,108
20200828,false,2550,299,35,13,4,2,117592,13777,2134,797,250,93
20200829,false,2568,301,18,16,2,2,118809,13919,1217,962,143,113
20200830,false,2569,301,1,18,0,2,119747,14029,938,962,110,113
20200831,false,2580,302,11,15,1,2,120594,14128,847,969,99,114
20200901,false,2612,306,32,16,4,2,121615,14248,1021,995,120,117
20200902,false,2641,309,29,17,3,2,122542,14357,927,997,109,117
20200903,false,2652,311,11,18,1,2,123668,14489,1126,1012,132,119
20200904,false,2662,312,10,20,1,2,124779,14619,1111,1173,130,137
20200905,false,2677,314,15,16,2,2,125727,14730,948,1027,111,120
20200906,false,2678,314,1,16,0,2,126926,14870,1199,988,140,116
20200907,false,2684,314,6,16,1,2,127571,14946,645,1026,76,120
20200908,false,2686,315,2,15,0,2,128407,15044,836,997,98,117
20200909,false,2697,316,11,11,1,1,129289,15147,882,970,103,114
20200910,false,2708,317,11,8,1,1,130525,15292,1236,964,145,113
20200911,false,2711,318,3,8,0,1,131640,15423,1115,980,131,115
20200912,false,2722,319,11,7,1,1,132940,15575,1300,980,152,115
20200913,false,2724,319,2,6,0,1,133814,15677,874,1030,102,121
20200914,false,2743,321,19,7,2,1,134571,15766,757,984,89,115
20200915,false,2839,333,96,8,11,1,135514,15876,943,1000,110,117
20200916,false,2884,338,45,22,5,3,136359,15975,845,1015,99,119
20200917,false,2920,342,36,27,4,3,137460,16104,1101,1010,129,118
20200918,false,2949,345,29,30,3,4,138702,16250,1242,991,146,116
20200919,false,2990,350,41,34,5,4,139655,16362,953,1009,112,118
20200920,false,3015,353,25,38,3,4,140511,16462,856,959,100,112
20200921,false,3021,354,6,42,1,5,141138,16535,627,957,73,112
20200922,false,3060,359,39,40,5,5,142010,16638,872,938,102,110
20200923,false,3089,362,29,32,3,4,142590,16705,580,928,68,109
20200924,false,3113,365,24,29,3,3,143492,16811,902,890,106,104
20200925,false,3136,367,23,28,3,3,144433,16921,941,862,110,101
20200926,false,3144,368,8,27,1,3,145408,17036,975,819,114,96
20200927,false,3159,370,15,22,2,3,146144,17122,736,822,86,96
20200928,false,3172,372,13,21,2,2,146593,17174,449,805,53,94
20200929,false,3187,373,15,22,2,3,147516,17283,923,779,108,91
20200930,false,3208,376,21,18,2,2,148271,17371,755,787,88,92
20201001,false,3228,378,20,17,2,2,148721,17424,450,812,53,95
20201002,false,3250,381,22,16,3,2,149687,17537,966,747,113,88
20201003,false,3270,383,20,16,2,2,150803,17668,1116,751,131,88
20201004,false,3273,383,3,18,0,2,151870,17793,1067,771,125,90
20201005,false,3276,384,3,16,0,2,152557,17873,687,818,80,96
20201006,false,3291,386,15,15,2,2,153182,17946,625,852,73,100
20201007,false,3303,387,12,15,1,2,153691,18006,509,809,60,95
20201008,false,3328,390,25,14,3,2,155535,18222,1844,774,216,91
20201009,false,3344,392,16,14,2,2,156649,18353,1114,973,131,114
20201010,false,3354,393,10,13,1,2,157905,18500,1256,995,147,117
20201011,false,3358,393,4,12,0,1,158716,18595,811,1015,95,119
20201012,false,3361,394,3,12,0,1,159570,18695,854,978,100,115
20201013,false,3372,395,11,12,1,1,160805,18840,1235,1002,145,117
20201014,false,3381,396,9,12,1,1,161610,18934,805,1089,94,128
20201015,false,3388,397,7,11,1,1,162941,19090,1331,1131,156,133
20201016,false,3408,399,20,9,2,1,164124,19228,1183,1058,139,124
20201017,false,3422,401,14,9,2,1,165238,19359,1114,1068,131,125
20201018,false,3433,402,11,10,1,1,166138,19464,900,1048,105,123
20201019,false,3457,405,24,11,3,1,166828,19545,690,1060,81,124
20201020,false,3485,408,28,14,3,2,167754,19654,926,1037,108,121
20201021,false,3515,412,30,16,4,2,168772,19773,1018,993,119,116
20201022,false,3524,413,9,19,1,2,170104,19929,1332,1023,156,120
20201023,false,3539,415,15,19,2,2,171284,20067,1180,1023,138,120
20201024,false,3578,419,39,19,5,2,172372,20195,1088,1023,127,120
20201025,false,3579,419,1,22,0,3,173371,20312,999,1019,117,119
20201026,false,3581,420,2,21,0,2,174275,20418,904,1033,106,121
20201027,false,3600,422,19,18,2,2,175409,20550,1134,1064,133,125
20201028,false,3616,424,16,16,2,2,176754,20708,1345,1094,158,128
20201029,false,3636,426,20,14,2,2,178183,20875,1429,1140,167,134
20201030,false,3643,427,7,16,1,2,179639,21046,1456,1154,171,135
20201031,false,3654,428,11,15,1,2,181190,21228,1551,1194,182,140
20201101,false,3655,428,1,11,0,1,182392,21369,1202,1260,141,148
20201102,false,3658,429,3,11,0,1,183418,21489,1026,1289,120,151
20201103,false,3666,429,8,11,1,1,184679,21637,1261,1306,148,153
20201104,false,3677,431,11,9,1,1,185836,21772,1157,1324,136,155
20201105,false,3688,432,11,9,1,1,187202,21932,1366,1297,160,152
20201106,false,3682,431,-6,7,-1,1,188770,22116,1568,1288,184,151
20201107,false,3704,434,22,6,3,1,190873,22362,2103,1304,246,153
20201108,false,3707,434,3,7,0,1,192175,22515,1302,1383,153,162
20201109,false,3713,435,6,7,1,1,193477,22667,1302,1398,153,164
20201110,false,3726,437,13,8,2,1,194912,22835,1435,1437,168,168
20201111,false,3741,438,15,9,2,1,196506,23022,1594,1462,187,171
20201112,false,3758,440,17,9,2,1,198027,23200,1521,1524,178,179
20201113,false,3785,443,27,10,3,1,199262,23345,1235,1546,145,181
20201114,false,3799,445,14,15,2,2,200799,23525,1537,1499,180,176
20201115,false,3800,445,1,14,0,2,201960,23661,1161,1418,136,166
20201116,false,3806,446,6,13,1,2,204637,23975,2677,1398,314,164
20201117,false,3835,449,29,13,3,2,206762,24224,2125,1594,249,187
20201118,false,3860,452,25,16,3,2,208833,24466,2071,1693,243,198
20201119,false,3896,456,36,17,4,2,210787,24695,1954,1761,229,206
20201120,false,3912,458,16,20,2,2,213331,24993,2544,1823,298,214
20201121,false,3938,461,26,18,3,2,215679,25268,2348,2010,275,235
20201122,false,3938,461,0,20,0,2,217796,25516,2117,2126,248,249
20201123,false,3942,462,4,20,0,2,221038,25896,3242,2262,380,265
20201124,false,3979,466,37,19,4,2,223582,26194,2544,2343,298,275
20201125,true,4000,469,22,22,3,3,226000,26500,2270,2270,266,266
20201126,true,4020,471,23,23,3,3,228000,26700,2340,2340,274,274
20201127,true,4050,474,24,24,3,3,231000,27000,2410,2410,282,282
20201128,true,4070,477,25,25,3,3,233000,27300,2480,2480,290,290
20201129,true,4100,480,26,26,3,3,236000,27600,2540,2540,298,298
20201130,true,4120,483,26,26,3,3,238000,27900,2620,2620,306,306
20201201,true,4150,486,27,27,3,3,241000,28200,2680,2680,314,314
20201202,true,4180,490,28,28,3,3,244000,28500,2750,2750,323,323
20201203,true,4210,493,29,29,3,3,246000,28900,2820,2820,331,331
20201204,true,4240,497,30,30,4,4,249000,29200,2890,2890,339,339
20201205,true,4270,500,31,31,4,4,252000,29600,2960,2960,347,347
20201206,true,4300,504,32,32,4,4,255000,29900,3030,3030,355,355
20201207,true,4340,508,33,33,4,4,258000,30300,3100,3100,363,363
20201208,true,4370,512,34,34,4,4,262000,30700,3170,3170,371,371
