date,projected,deaths,deathsPerMillion,deathIncrease,deathIncreaseAverage,deathIncreasePerMillion,deathIncreaseAveragePerMillion,positive,positivePerMillion,positiveIncrease,positiveIncreaseAverage,positiveIncreasePerMillion,positiveIncreaseAveragePerMillion
20200316,false,0,0,0,0,0,0,1,10,0,0,0,0
20200317,false,0,0,0,0,0,0,2,19,1,1,10,10
20200318,false,0,0,0,0,0,0,2,19,0,0,0,0
20200319,false,0,0,0,0,0,0,3,29,1,1,10,10
20200320,false,0,0,0,0,0,0,3,29,0,0,0,0
20200321,false,0,0,0,0,0,0,6,57,3,3,29,29
20200322,false,0,0,0,0,0,0,6,57,0,0,0,0
20200323,false,0,0,0,0,0,0,17,162,11,11,105,105
20200324,false,0,0,0,0,0,0,17,162,0,2,0,19
20200325,false,0,0,0,0,0,0,17,162,0,2,0,19
20200326,false,0,0,0,0,0,0,17,162,0,2,0,19
20200327,false,0,0,0,0,0,0,19,181,2,2,19,19
20200328,false,0,0,0,0,0,0,22,210,3,2,29,19
20200329,false,0,0,0,0,0,0,23,219,1,2,10,19
20200330,false,0,0,0,0,0,0,30,286,7,2,67,19
20200331,false,0,0,0,0,0,0,30,286,0,2,0,19
20200401,false,0,0,0,0,0,0,30,286,0,2,0,19
20200402,false,0,0,0,0,0,0,33,315,3,2,29,19
20200403,false,0,0,0,0,0,0,38,362,5,2,48,19
20200404,false,0,0,0,0,0,0,40,381,2,3,19,29
20200405,false,1,10,1,0,10,0,42,400,2,3,19,29
20200406,false,1,10,0,0,0,0,43,410,1,3,10,29
20200407,false,1,10,0,0,0,0,43,410,0,2,0,19
20200408,false,1,10,0,0,0,0,45,429,2,2,19,19
20200409,false,1,10,0,0,0,0,46,438,1,2,10,19
20200410,false,1,10,0,0,0,0,50,477,4,2,38,19
20200411,false,1,10,0,0,0,0,51,486,1,2,10,19
20200412,false,1,10,0,0,0,0,51,486,0,2,0,19
20200413,false,1,10,0,0,0,0,51,486,0,1,0,10
20200414,false,1,10,0,0,0,0,51,486,0,1,0,10
20200415,false,1,10,0,0,0,0,51,486,0,1,0,10
20200416,false,1,10,0,0,0,0,51,486,0,1,0,10
20200417,false,2,19,1,0,10,0,51,486,0,1,0,10
20200418,false,3,29,1,0,10,0,53,505,2,0,19,0
20200419,false,3,29,0,0,0,0,53,505,0,0,0,0
20200420,false,3,29,0,0,0,0,53,505,0,0,0,0
20200421,false,3,29,0,0,0,0,54,515,1,0,10,0
20200422,false,3,29,0,0,0,0,54,515,0,0,0,0
20200423,false,3,29,0,0,0,0,54,515,0,0,0,0
20200424,false,3,29,0,0,0,0,54,515,0,0,0,0
20200425,false,3,29,0,0,0,0,55,524,1,0,10,0
20200426,false,4,38,1,0,10,0,57,543,2,0,19,0
20200427,false,4,38,0,0,0,0,59,562,2,1,19,10
20200428,false,4,38,0,0,0,0,59,562,0,1,0,10
20200429,false,4,38,0,0,0,0,62,591,3,1,29,10
20200430,false,4,38,0,0,0,0,66,629,4,1,38,10
20200501,false,4,38,0,0,0,0,66,629,0,2,0,19
20200502,false,4,38,0,0,0,0,66,629,0,2,0,19
20200503,false,4,38,0,0,0,0,66,629,0,2,0,19
20200504,false,4,38,0,0,0,0,66,629,0,1,0,10
20200505,false,4,38,0,0,0,0,66,629,0,1,0,10
20200506,false,4,38,0,0,0,0,66,629,0,1,0,10
20200507,false,4,38,0,0,0,0,66,629,0,1,0,10
20200508,false,4,38,0,0,0,0,68,648,2,0,19,0
20200509,false,4,38,0,0,0,0,68,648,0,0,0,0
20200510,false,4,38,0,0,0,0,69,658,1,0,10,0
20200511,false,5,48,1,0,10,0,69,658,0,0,0,0
20200512,false,6,57,1,0,10,0,69,658,0,0,0,0
20200513,false,6,57,0,0,0,0,69,658,0,0,0,0
20200514,false,6,57,0,0,0,0,69,658,0,0,0,0
20200515,false,6,57,0,0,0,0,69,658,0,0,0,0
20200516,false,6,57,0,0,0,0,69,658,0,0,0,0
20200517,false,6,57,0,0,0,0,69,658,0,0,0,0
20200518,false,6,57,0,0,0,0,69,658,0,0,0,0
20200519,false,6,57,0,0,0,0,69,658,0,0,0,0
20200520,false,6,57,0,0,0,0,69,658,0,0,0,0
20200521,false,6,57,0,0,0,0,69,658,0,0,0,0
20200522,false,6,57,0,0,0,0,69,658,0,0,0,0
20200523,false,6,57,0,0,0,0,69,658,0,0,0,0
20200524,false,6,57,0,0,0,0,69,658,0,0,0,0
20200525,false,6,57,0,0,0,0,69,658,0,0,0,0
20200526,false,6,57,0,0,0,0,69,658,0,0,0,0
20200527,false,6,57,0,0,0,0,69,658,0,0,0,0
20200528,false,6,57,0,0,0,0,69,658,0,0,0,0
20200529,false,6,57,0,0,0,0,69,658,0,0,0,0
20200530,false,6,57,0,0,0,0,69,658,0,0,0,0
20200531,false,6,57,0,0,0,0,69,658,0,0,0,0
20200601,false,6,57,0,0,0,0,70,667,1,0,10,0
20200602,false,6,57,0,0,0,0,70,667,0,0,0,0
20200603,false,6,57,0,0,0,0,70,667,0,0,0,0
20200604,false,6,57,0,0,0,0,71,677,1,0,10,0
20200605,false,6,57,0,0,0,0,71,677,0,0,0,0
20200606,false,6,57,0,0,0,0,71,677,0,0,0,0
20200607,false,6,57,0,0,0,0,71,677,0,0,0,0
20200608,false,6,57,0,0,0,0,71,677,0,0,0,0
20200609,false,6,57,0,0,0,0,71,677,0,0,0,0
20200610,false,6,57,0,0,0,0,72,686,1,0,10,0
20200611,false,6,57,0,0,0,0,72,686,0,0,0,0
20200612,false,6,57,0,0,0,0,72,686,0,0,0,0
20200613,false,6,57,0,0,0,0,72,686,0,0,0,0
20200614,false,6,57,0,0,0,0,72,686,0,0,0,0
20200615,false,6,57,0,0,0,0,73,696,1,0,10,0
20200616,false,6,57,0,0,0,0,73,696,0,0,0,0
20200617,false,6,57,0,0,0,0,73,696,0,0,0,0
20200618,false,6,57,0,0,0,0,73,696,0,0,0,0
20200619,false,6,57,0,0,0,0,74,705,1,0,10,0
20200620,false,6,57,0,0,0,0,74,705,0,0,0,0
20200621,false,6,57,0,0,0,0,76,724,2,0,19,0
20200622,false,6,57,0,0,0,0,76,724,0,1,0,10
20200623,false,6,57,0,0,0,0,76,724,0,0,0,0
20200624,false,6,57,0,0,0,0,78,743,2,0,19,0
20200625,false,6,57,0,0,0,0,80,763,2,1,19,10
20200626,false,6,57,0,0,0,0,81,772,1,1,10,10
20200627,false,6,57,0,0,0,0,81,772,0,1,0,10
20200628,false,6,57,0,0,0,0,81,772,0,1,0,10
20200629,false,6,57,0,0,0,0,81,772,0,1,0,10
20200630,false,6,57,0,0,0,0,84,801,3,1,29,10
20200701,false,6,57,0,0,0,0,90,858,6,1,57,10
20200702,false,6,57,0,0,0,0,92,877,2,2,19,19
20200703,false,6,57,0,0,0,0,98,934,6,2,57,19
20200704,false,6,57,0,0,0,0,111,1058,13,2,124,19
20200705,false,6,57,0,0,0,0,111,1058,0,4,0,38
20200706,false,6,57,0,0,0,0,112,1068,1,4,10,38
20200707,false,6,57,0,0,0,0,116,1106,4,4,38,38
20200708,false,6,57,0,0,0,0,122,1163,6,5,57,48
20200709,false,6,57,0,0,0,0,144,1373,22,5,210,48
20200710,false,6,57,0,0,0,0,153,1458,9,7,86,67
20200711,false,6,57,0,0,0,0,167,1592,14,8,133,76
20200712,false,6,57,0,0,0,0,181,1725,14,8,133,76
20200713,false,6,57,0,0,0,0,206,1964,25,10,238,95
20200714,false,6,57,0,0,0,0,206,1964,0,13,0,124
20200715,false,6,57,0,0,0,0,243,2316,37,13,353,124
20200716,false,6,57,0,0,0,0,249,2373,6,17,57,162
20200717,false,6,57,0,0,0,0,263,2507,14,15,133,143
20200718,false,6,57,0,0,0,0,283,2697,20,16,191,153
20200719,false,6,57,0,0,0,0,297,2831,14,17,133,162
20200720,false,6,57,0,0,0,0,304,2898,7,17,67,162
20200721,false,6,57,0,0,0,0,308,2936,4,14,38,133
20200722,false,7,67,1,0,10,0,320,3050,12,15,114,143
20200723,false,7,67,0,0,0,0,336,3203,16,11,153,105
20200724,false,7,67,0,0,0,0,336,3203,0,12,0,114
20200725,false,7,67,0,0,0,0,352,3355,16,10,153,95
20200726,false,7,67,0,0,0,0,361,3441,9,10,86,95
20200727,false,7,67,0,0,0,0,364,3470,3,9,29,86
20200728,false,7,67,0,0,0,0,375,3574,11,9,105,86
20200729,false,8,76,1,0,10,0,385,3670,10,10,95,95
20200730,false,8,76,0,0,0,0,385,3670,0,9,0,86
20200731,false,8,76,0,0,0,0,406,3870,21,7,200,67
20200801,false,8,76,0,0,0,0,421,4013,15,10,143,95
20200802,false,8,76,0,0,0,0,421,4013,0,10,0,95
20200803,false,8,76,0,0,0,0,439,4184,18,9,172,86
20200804,false,8,76,0,0,0,0,463,4413,24,11,229,105
20200805,false,8,76,0,0,0,0,481,4585,18,13,172,124
20200806,false,9,86,1,0,10,0,501,4775,20,14,191,133
20200807,false,9,86,0,0,0,0,522,4976,21,17,200,162
20200808,false,9,86,0,0,0,0,528,5033,6,17,57,162
20200809,false,9,86,0,0,0,0,547,5214,19,15,181,143
20200810,false,9,86,0,0,0,0,547,5214,0,18,0,172
20200811,false,9,86,0,0,0,0,576,5490,29,15,276,143
20200812,false,9,86,0,0,0,0,639,6091,63,16,600,153
20200813,false,9,86,0,0,0,0,682,6501,43,23,410,219
20200814,false,9,86,0,0,0,0,704,6710,22,26,210,248
20200815,false,9,86,0,0,0,0,734,6996,30,26,286,248
20200816,false,9,86,0,0,0,0,741,7063,7,29,67,276
20200817,false,9,86,0,0,0,0,760,7244,19,28,181,267
20200818,false,9,86,0,0,0,0,796,7587,36,30,343,286
20200819,false,9,86,0,0,0,0,828,7892,32,31,305,295
20200820,false,10,95,1,0,10,0,869,8283,41,27,391,257
20200821,false,10,95,0,0,0,0,932,8883,63,27,600,257
20200822,false,10,95,0,0,0,0,960,9150,28,33,267,315
20200823,false,10,95,0,0,0,0,960,9150,0,32,0,305
20200824,false,11,105,1,0,10,0,984,9379,24,31,229,295
20200825,false,12,114,1,0,10,0,998,9513,14,32,133,305
20200826,false,14,133,2,0,19,0,1030,9818,32,29,305,276
20200827,false,14,133,0,1,0,10,1052,10027,22,29,210,276
20200828,false,14,133,0,1,0,10,1075,10246,23,26,219,248
20200829,false,14,133,0,1,0,10,1118,10656,43,20,410,191
20200830,false,14,133,0,1,0,10,1129,10761,11,23,105,219
20200831,false,14,133,0,1,0,10,1134,10809,5,24,48,229
20200901,false,15,143,1,0,10,0,1139,10857,5,21,48,200
20200902,false,15,143,0,0,0,0,1143,10895,4,20,38,191
20200903,false,15,143,0,0,0,0,1144,10904,1,16,10,153
20200904,false,16,153,1,0,10,0,1150,10961,6,13,57,124
20200905,false,16,153,0,0,0,0,1167,11123,17,11,162,105
20200906,false,17,162,1,0,10,0,1181,11257,14,7,133,67
20200907,false,17,162,0,0,0,0,1190,11343,9,7,86,67
20200908,false,18,172,1,0,10,0,1191,11352,1,8,10,76
20200909,false,18,172,0,0,0,0,1191,11352,0,7,0,67
20200910,false,18,172,0,0,0,0,1197,11409,6,7,57,67
20200911,false,18,172,0,0,0,0,1201,11447,4,8,38,76
20200912,false,19,181,1,0,10,0,1211,11543,10,7,95,67
20200913,false,19,181,0,0,0,0,1220,11629,9,6,86,57
20200914,false,19,181,0,0,0,0,1221,11638,1,6,10,57
20200915,false,19,181,0,0,0,0,1225,11676,4,4,38,38
20200916,false,19,181,0,0,0,0,1232,11743,7,5,67,48
20200917,false,19,181,0,0,0,0,1238,11800,6,6,57,57
20200918,false,19,181,0,0,0,0,1242,11838,4,6,38,57
20200919,false,19,181,0,0,0,0,1242,11838,0,6,0,57
20200920,false,19,181,0,0,0,0,1269,12096,27,4,257,38
20200921,false,19,181,0,0,0,0,1269,12096,0,7,0,67
20200922,false,19,181,0,0,0,0,1276,12162,7,7,67,67
20200923,false,19,181,0,0,0,0,1278,12181,2,7,19,67
20200924,false,19,181,0,0,0,0,1290,12296,12,7,114,67
20200925,false,19,181,0,0,0,0,1296,12353,6,7,57,67
20200926,false,19,181,0,0,0,0,1296,12353,0,8,0,76
20200927,false,19,181,0,0,0,0,1317,12553,21,8,200,76
20200928,false,19,181,0,0,0,0,1317,12553,0,7,0,67
20200929,false,20,191,1,0,10,0,1318,12563,1,7,10,67
20200930,false,20,191,0,0,0,0,1318,12563,0,6,0,57
20201001,false,20,191,0,0,0,0,1323,12610,5,6,48,57
20201002,false,20,191,0,0,0,0,1326,12639,3,5,29,48
20201003,false,20,191,0,0,0,0,1326,12639,0,4,0,38
20201004,false,20,191,0,0,0,0,1327,12648,1,4,10,38
20201005,false,20,191,0,0,0,0,1322,12601,-5,1,-48,10
20201006,false,20,191,0,0,0,0,1322,12601,0,1,0,10
20201007,false,20,191,0,0,0,0,1321,12591,-1,1,-10,10
20201008,false,20,191,0,0,0,0,1322,12601,1,0,10,0
20201009,false,20,191,0,0,0,0,1324,12620,2,0,19,0
20201010,false,20,191,0,0,0,0,1324,12620,0,0,0,0
20201011,false,20,191,0,0,0,0,1325,12629,1,0,10,0
20201012,false,20,191,0,0,0,0,1325,12629,0,0,0,0
20201013,false,20,191,0,0,0,0,1325,12629,0,0,0,0
20201014,false,20,191,0,0,0,0,1328,12658,3,0,29,0
20201015,false,20,191,0,0,0,0,1327,12648,-1,1,-10,10
20201016,false,21,200,1,0,10,0,1329,12668,2,1,19,10
20201017,false,21,200,0,0,0,0,1329,12668,0,1,0,10
20201018,false,21,200,0,0,0,0,1335,12725,6,1,57,10
20201019,false,21,200,0,0,0,0,1335,12725,0,1,0,10
20201020,false,21,200,0,0,0,0,1335,12725,0,1,0,10
20201021,false,21,200,0,0,0,0,1337,12744,2,1,19,10
20201022,false,21,200,0,0,0,0,1343,12801,6,1,57,10
20201023,false,21,200,0,0,0,0,1346,12830,3,2,29,19
20201024,false,21,200,0,0,0,0,1346,12830,0,2,0,19
20201025,false,21,200,0,0,0,0,1346,12830,0,2,0,19
20201026,false,21,200,0,0,0,0,1348,12849,2,2,19,19
20201027,false,21,200,0,0,0,0,1351,12877,3,2,29,19
20201028,false,21,200,0,0,0,0,1353,12896,2,2,19,19
20201029,false,21,200,0,0,0,0,1353,12896,0,2,0,19
20201030,false,21,200,0,0,0,0,1362,12982,9,1,86,10
20201031,false,21,200,0,0,0,0,1376,13116,14,2,133,19
20201101,false,21,200,0,0,0,0,1376,13116,0,4,0,38
20201102,false,21,200,0,0,0,0,1378,13135,2,4,19,38
20201103,false,22,210,1,0,10,0,1385,13201,7,4,67,38
20201104,false,23,219,1,0,10,0,1388,13230,3,5,29,48
20201105,false,23,219,0,0,0,0,1388,13230,0,5,0,48
20201106,false,23,219,0,0,0,0,1390,13249,2,5,19,48
20201107,false,23,219,0,0,0,0,1390,13249,0,4,0,38
20201108,false,23,219,0,0,0,0,1405,13392,15,2,143,19
20201109,false,23,219,0,0,0,0,1405,13392,0,4,0,38
20201110,false,23,219,0,0,0,0,1410,13440,5,4,48,38
20201111,false,23,219,0,0,0,0,1410,13440,0,4,0,38
20201112,false,23,219,0,0,0,0,1410,13440,0,3,0,29
20201113,false,23,219,0,0,0,0,1410,13440,0,3,0,29
20201114,false,23,219,0,0,0,0,1434,13668,24,3,229,29
20201115,false,23,219,0,0,0,0,1434,13668,0,6,0,57
20201116,false,23,219,0,0,0,0,1434,13668,0,4,0,38
20201117,false,23,219,0,0,0,0,1450,13821,16,4,153,38
20201118,false,23,219,0,0,0,0,1463,13945,13,6,124,57
20201119,false,23,219,0,0,0,0,1469,14002,6,8,57,76
20201120,false,23,219,0,0,0,0,1482,14126,13,8,124,76
20201121,false,23,219,0,0,0,0,1491,14212,9,10,86,95
20201122,false,23,219,0,0,0,0,1504,14336,13,8,124,76
20201123,true,23,219,0,0,0,0,1510,14400,9,9,86,86
20201124,true,23,219,0,0,0,0,1520,14500,9,9,86,86
20201125,true,23,219,0,0,0,0,1530,14600,10,10,95,95
20201126,true,23,219,0,0,0,0,1540,14700,10,10,95,95
20201127,true,23,219,0,0,0,0,1550,14800,11,11,105,105
20201128,true,23,219,0,0,0,0,1560,14900,11,11,105,105
20201129,true,23,219,0,0,0,0,1580,15000,11,11,105,105
20201130,true,23,219,0,0,0,0,1590,15100,12,12,114,114
20201201,true,23,219,0,0,0,0,1600,15200,12,12,114,114
20201202,true,23,219,0,0,0,0,1610,15400,13,13,124,124
20201203,true,23,219,0,0,0,0,1620,15500,13,13,124,124
20201204,true,23,219,0,0,0,0,1640,15600,14,14,133,133
20201205,true,23,219,0,0,0,0,1650,15800,14,14,133,133
20201206,true,23,219,0,0,0,0,1670,15900,15,15,143,143
