date,projected,deaths,deathsPerMillion,deathIncrease,deathIncreaseAverage,deathIncreasePerMillion,positive,positivePerMillion,positiveIncrease,positiveIncreaseAverage,positiveIncreasePerMillion
20200122,false,0,0,0,0,0,0,0,0,0,0
20200123,false,0,0,0,0,0,0,0,0,0,0
20200124,false,0,0,0,0,0,0,0,0,0,0
20200125,false,0,0,0,0,0,0,0,0,0,0
20200126,false,0,0,0,0,0,0,0,0,0,0
20200127,false,0,0,0,0,0,0,0,0,0,0
20200128,false,0,0,0,0,0,0,0,0,0,0
20200129,false,0,0,0,0,0,0,0,0,0,0
20200130,false,0,0,0,0,0,0,0,0,0,0
20200131,false,0,0,0,0,0,0,0,0,0,0
20200201,false,0,0,0,0,0,0,0,0,0,0
20200202,false,0,0,0,0,0,0,0,0,0,0
20200203,false,0,0,0,0,0,0,0,0,0,0
20200204,false,0,0,0,0,0,0,0,0,0,0
20200205,false,0,0,0,0,0,0,0,0,0,0
20200206,false,0,0,0,0,0,0,0,0,0,0
20200207,false,0,0,0,0,0,0,0,0,0,0
20200208,false,0,0,0,0,0,0,0,0,0,0
20200209,false,0,0,0,0,0,0,0,0,0,0
20200210,false,0,0,0,0,0,0,0,0,0,0
20200211,false,0,0,0,0,0,0,0,0,0,0
20200212,false,0,0,0,0,0,0,0,0,0,0
20200213,false,0,0,0,0,0,0,0,0,0,0
20200214,false,0,0,0,0,0,0,0,0,0,0
20200215,false,0,0,0,0,0,0,0,0,0,0
20200216,false,0,0,0,0,0,0,0,0,0,0
20200217,false,0,0,0,0,0,0,0,0,0,0
20200218,false,0,0,0,0,0,0,0,0,0,0
20200219,false,0,0,0,0,0,0,0,0,0,0
20200220,false,0,0,0,0,0,0,0,0,0,0
20200221,false,0,0,0,0,0,0,0,0,0,0
20200222,false,0,0,0,0,0,0,0,0,0,0
20200223,false,0,0,0,0,0,0,0,0,0,0
20200224,false,0,0,0,0,0,0,0,0,0,0
20200225,false,0,0,0,0,0,0,0,0,0,0
20200226,false,2,0,2,0,0,0,0,0,0,0
20200227,false,2,0,0,0,0,0,0,0,0,0
20200228,false,4,1,2,0,0,0,0,0,0,0
20200229,false,5,1,1,1,0,18,2,18,0,0
20200301,false,8,1,3,1,0,34,4,16,3,0
20200302,false,11,1,3,1,0,65,9,31,5,1
20200303,false,14,2,3,2,0,90,12,25,9,1
20200304,false,16,2,2,2,0,128,17,38,13,2
20200305,false,20,3,4,2,0,179,24,51,18,2
20200306,false,26,3,6,3,0,218,29,39,26,3
20200307,false,27,4,1,3,0,256,34,38,31,4
20200308,false,31,4,4,3,0,317,42,61,34,4
20200309,false,35,5,4,3,0,378,50,61,40,5
20200310,false,37,5,2,3,0,488,64,110,45,6
20200311,false,40,5,3,3,0,622,82,134,57,7
20200312,false,44,6,4,3,0,801,105,179,71,9
20200313,false,47,6,3,3,0,1018,134,217,89,12
20200314,false,51,7,4,3,0,1174,154,156,114,15
20200315,false,57,7,6,3,0,1282,168,108,131,17
20200316,false,69,9,12,4,1,1582,208,300,138,18
20200317,false,78,10,9,5,1,1846,242,264,172,23
20200318,false,82,11,4,6,1,2135,280,289,194,25
20200319,false,92,12,10,6,1,2468,324,333,216,28
20200320,false,104,14,12,7,1,2771,364,303,238,31
20200321,false,111,15,7,8,1,2965,389,194,250,33
20200322,false,126,17,15,9,1,3151,414,186,256,34
20200323,false,137,18,11,10,1,3614,475,463,267,35
20200324,false,146,19,9,10,1,4052,532,438,290,38
20200325,false,159,21,13,10,1,4492,590,440,315,41
20200326,false,183,24,24,11,1,4927,647,435,337,44
20200327,false,199,26,16,13,2,5391,708,464,351,46
20200328,false,220,29,21,14,2,5679,746,288,374,49
20200329,false,237,31,17,16,2,5921,778,242,388,51
20200330,false,248,33,11,16,2,6484,851,563,396,52
20200331,false,262,34,14,16,2,6949,913,465,410,54
20200401,false,282,37,20,17,2,7399,972,450,414,54
20200402,false,310,41,28,18,2,7796,1024,397,415,54
20200403,false,338,44,28,18,2,8211,1078,415,410,54
20200404,false,365,48,27,20,3,8418,1105,207,403,53
20200405,false,386,51,21,21,3,8589,1128,171,391,51
20200406,false,407,53,21,21,3,8983,1180,394,381,50
20200407,false,429,56,22,23,3,9396,1234,413,357,47
20200408,false,443,58,14,24,3,9741,1279,345,350,46
20200409,false,459,60,16,23,3,10104,1327,363,335,44
20200410,false,476,63,17,21,3,10413,1367,309,330,43
20200411,false,494,65,18,20,3,10568,1388,155,315,41
20200412,false,509,67,15,18,2,10657,1399,89,307,40
20200413,false,526,69,17,18,2,11028,1448,371,295,39
20200414,false,542,71,16,17,2,11330,1488,302,292,38
20200415,false,551,72,9,16,2,11658,1531,328,276,36
20200416,false,571,75,20,15,2,11967,1572,309,274,36
20200417,false,585,77,14,16,2,12318,1618,351,266,35
20200418,false,598,79,13,16,2,12493,1641,175,272,36
20200419,false,615,81,17,15,2,12589,1653,96,275,36
20200420,false,629,83,14,15,2,12923,1697,334,276,36
20200421,false,640,84,11,15,2,13193,1733,270,271,36
20200422,false,647,85,7,14,2,13476,1770,283,266,35
20200423,false,654,86,7,14,2,13750,1806,274,260,34
20200424,false,659,87,5,12,2,14100,1852,350,255,33
20200425,false,665,87,6,11,1,14266,1873,166,255,33
20200426,false,738,97,73,10,1,14379,1888,113,253,33
20200427,false,749,98,11,18,2,14748,1937,369,256,34
20200428,false,765,100,16,17,2,15043,1975,295,261,34
20200429,false,786,103,21,18,2,15371,2019,328,264,35
20200430,false,801,105,15,20,3,15619,2051,248,271,36
20200501,false,814,107,13,21,3,15936,2093,317,267,35
20200502,false,824,108,10,22,3,16048,2107,112,262,34
20200503,false,830,109,6,23,3,16132,2118,84,255,33
20200504,false,834,110,4,13,2,16518,2169,386,250,33
20200505,false,841,110,7,12,2,16776,2203,258,253,33
20200506,false,862,113,21,11,1,17065,2241,289,248,33
20200507,false,870,114,8,11,1,17330,2276,265,242,32
20200508,false,891,117,21,10,1,17583,2309,253,244,32
20200509,false,905,119,14,11,1,17711,2326,128,235,31
20200510,false,921,121,16,12,2,17773,2334,62,238,31
20200511,false,931,122,10,13,2,18069,2373,296,234,31
20200512,false,945,124,14,14,2,18319,2406,250,222,29
20200513,false,962,126,17,15,2,18627,2446,308,220,29
20200514,false,975,128,13,14,2,18898,2482,271,223,29
20200515,false,983,129,8,15,2,19161,2516,263,224,29
20200516,false,992,130,9,13,2,19279,2532,118,225,30
20200517,false,1000,131,8,12,2,19343,2540,64,224,29
20200518,false,1001,131,1,11,1,19662,2582,319,224,29
20200519,false,1002,132,1,10,1,19960,2621,298,228,30
20200520,false,1031,135,29,8,1,20228,2656,268,234,31
20200521,false,1037,136,6,10,1,20524,2695,296,229,30
20200522,false,1044,137,7,9,1,20837,2736,313,232,30
20200523,false,1050,138,6,9,1,20986,2756,149,239,31
20200524,false,1055,139,5,8,1,21087,2769,101,244,32
20200525,false,1061,139,6,8,1,21236,2789,149,249,33
20200526,false,1070,141,9,9,1,21634,2841,398,225,30
20200527,false,1078,142,8,10,1,21985,2887,351,239,31
20200528,false,1095,144,17,7,1,22285,2927,300,251,33
20200529,false,1106,145,11,8,1,22630,2972,345,252,33
20200530,false,1111,146,5,9,1,22778,2991,148,256,34
20200531,false,1118,147,7,9,1,22878,3004,100,256,34
20200601,false,1118,147,0,9,1,23288,3058,410,256,34
20200602,false,1124,148,6,8,1,23703,3113,415,293,38
20200603,false,1129,148,5,8,1,24086,3163,383,296,39
20200604,false,1135,149,6,7,1,24416,3206,330,300,39
20200605,false,1138,149,3,6,1,24809,3258,393,304,40
20200606,false,1149,151,11,5,1,24971,3279,162,311,41
20200607,false,1153,151,4,5,1,25081,3294,110,313,41
20200608,false,1159,152,6,5,1,25591,3361,510,315,41
20200609,false,1161,152,2,6,1,25999,3414,408,329,43
20200610,false,1176,154,15,5,1,26367,3463,368,328,43
20200611,false,1190,156,14,7,1,26767,3515,400,326,43
20200612,false,1194,157,4,8,1,27155,3566,388,336,44
20200613,false,1204,158,10,8,1,27348,3591,193,335,44
20200614,false,1213,159,9,8,1,27484,3609,136,340,45
20200615,false,1217,160,4,9,1,28001,3677,517,343,45
20200616,false,1221,160,4,8,1,28495,3742,494,344,45
20200617,false,1231,162,10,9,1,28956,3803,461,357,47
20200618,false,1226,161,-5,8,1,29493,3873,537,370,49
20200619,false,1245,163,19,5,1,30010,3941,517,389,51
20200620,false,1255,165,10,7,1,30324,3982,314,408,54
20200621,false,1265,166,10,7,1,30513,4007,189,425,56
20200622,false,1270,167,5,7,1,31232,4101,719,433,57
20200623,false,1276,168,6,8,1,31848,4182,616,462,61
20200624,false,1284,169,8,8,1,32523,4271,675,479,63
20200625,false,1293,170,9,8,1,33183,4358,660,510,67
20200626,false,1300,171,7,10,1,33803,4439,620,527,69
20200627,false,1304,171,4,8,1,34292,4503,489,542,71
20200628,false,1310,172,6,7,1,34556,4538,264,567,74
20200629,false,1310,172,0,6,1,35540,4667,984,578,76
20200630,false,1320,173,10,6,1,36442,4786,902,615,81
20200701,false,1332,175,12,6,1,37320,4901,878,656,86
20200702,false,1339,176,7,7,1,38189,5015,869,685,90
20200703,false,1342,176,3,7,1,38632,5073,443,715,94
20200704,false,1352,178,10,6,1,38863,5104,231,690,91
20200705,false,1354,178,2,7,1,39156,5142,293,653,86
20200706,false,1359,178,5,6,1,40125,5269,969,657,86
20200707,false,1370,180,11,7,1,41172,5407,1047,655,86
20200708,false,1384,182,14,7,1,42132,5533,960,676,89
20200709,false,1394,183,10,7,1,42974,5643,842,687,90
20200710,false,1409,185,15,8,1,43815,5754,841,684,90
20200711,false,1424,187,15,10,1,44341,5823,526,740,97
20200712,false,1424,187,0,10,1,44675,5867,334,783,103
20200713,false,1438,189,14,10,1,45745,6007,1070,788,103
20200714,false,1399,184,-39,11,1,46693,6132,948,803,105
20200715,false,1404,184,5,4,1,47655,6258,962,789,104
20200716,false,1421,187,17,3,0,48480,6366,825,789,104
20200717,false,1427,187,6,4,1,49358,6482,878,787,103
20200718,false,1434,188,7,3,0,49882,6551,524,792,104
20200719,false,1444,190,10,1,0,50216,6594,334,792,104
20200720,false,1447,190,3,3,0,51206,6724,990,792,104
20200721,false,1453,191,6,1,0,52290,6867,1084,780,102
20200722,false,1465,192,12,8,1,53306,7000,1016,800,105
20200723,false,1468,193,3,9,1,54177,7115,871,807,106
20200724,false,1482,195,14,7,1,54970,7219,793,814,107
20200725,false,1495,196,13,8,1,55452,7282,482,802,105
20200726,false,1494,196,-1,9,1,55773,7324,321,796,105
20200727,false,1501,197,7,7,1,56746,7452,973,794,104
20200728,false,1518,199,17,8,1,57655,7571,909,791,104
20200729,false,1548,203,30,9,1,58530,7686,875,766,101
20200730,false,1555,204,7,12,2,59263,7783,733,746,98
20200731,false,1564,205,9,12,2,59950,7873,687,727,95
20200801,false,1564,205,0,12,2,60360,7927,410,711,93
20200802,false,1592,209,28,10,1,60588,7957,228,701,92
20200803,false,1596,210,4,14,2,61428,8067,840,688,90
20200804,false,1600,210,4,14,2,62267,8177,839,669,88
20200805,false,1619,213,19,12,2,62992,8272,725,659,87
20200806,false,1624,213,5,10,1,63698,8365,706,637,84
20200807,false,1653,217,29,10,1,64357,8451,659,634,83
20200808,false,1672,220,19,13,2,64723,8500,366,630,83
20200809,false,1688,222,16,15,2,64918,8525,195,623,82
20200810,false,1688,222,0,14,2,65721,8631,803,619,81
20200811,false,1697,223,9,13,2,66404,8720,683,613,81
20200812,false,1716,225,19,14,2,67005,8799,601,591,78
20200813,false,1724,226,8,14,2,67611,8879,606,573,75
20200814,false,1736,228,12,14,2,68234,8961,623,559,73
20200815,false,1755,230,19,12,2,68579,9006,345,554,73
20200816,false,1766,232,11,12,2,68729,9026,150,551,72
20200817,false,1781,234,15,11,1,69369,9110,640,544,71
20200818,false,1785,234,4,13,2,69967,9188,598,521,68
20200819,false,1809,238,24,13,2,70530,9262,563,509,67
20200820,false,1822,239,13,13,2,70973,9320,443,504,66
20200821,false,1837,241,15,14,2,71414,9378,441,480,63
20200822,false,1850,243,13,14,2,71598,9402,184,454,60
20200823,false,1857,244,7,14,2,71659,9410,61,431,57
20200824,false,1863,245,6,13,2,71681,9413,22,419,55
20200825,false,1867,245,4,12,2,71681,9413,0,330,43
20200826,false,1876,246,9,12,2,71705,9416,24,245,32
20200827,false,1880,247,4,10,1,72161,9476,456,168,22
20200828,false,1890,248,10,8,1,72703,9547,542,170,22
20200829,false,1905,250,15,8,1,73301,9626,598,184,24
20200830,false,1905,250,0,8,1,74320,9760,1019,243,32
20200831,false,1905,250,0,7,1,74320,9760,0,380,50
20200901,false,1915,251,10,6,1,74635,9801,315,377,50
20200902,false,1931,254,16,7,1,74939,9841,304,422,55
20200903,false,1935,254,4,8,1,75377,9899,438,462,61
20200904,false,1945,255,10,8,1,75856,9962,479,459,60
20200905,false,1953,256,8,8,1,76335,10024,479,450,59
20200906,false,1953,256,0,7,1,76836,10090,501,433,57
20200907,false,1953,256,0,7,1,77235,10143,399,359,47
20200908,false,1953,256,0,7,1,77235,10143,0,416,55
20200909,false,1978,260,25,5,1,78009,10244,774,371,49
20200910,false,1985,261,7,7,1,78467,10304,458,439,58
20200911,false,1991,261,6,7,1,79011,10376,544,441,58
20200912,false,1991,261,0,7,1,79476,10437,465,451,59
20200913,false,1991,261,0,5,1,79826,10483,350,449,59
20200914,false,2006,263,15,5,1,80138,10524,312,427,56
20200915,false,2015,265,9,8,1,80465,10567,327,415,54
20200916,false,2020,265,5,9,1,80812,10612,347,461,61
20200917,false,2031,267,11,6,1,81198,10663,386,400,53
20200918,false,2037,268,6,7,1,81602,10716,404,390,51
20200919,false,2037,268,0,7,1,81602,10716,0,370,49
20200920,false,2037,268,0,7,1,82199,10795,597,304,40
20200921,false,2037,268,0,7,1,82548,10840,349,339,45
20200922,false,2070,272,33,4,1,83193,10925,645,344,45
20200923,false,2070,272,0,8,1,83193,10925,0,390,51
20200924,false,2081,273,11,7,1,83702,10992,509,340,45
20200925,false,2080,273,-1,7,1,84238,11062,536,358,47
20200926,false,2100,276,20,6,1,85226,11192,988,377,50
20200927,false,2100,276,0,9,1,85830,11271,604,518,68
20200928,false,2100,276,0,9,1,86269,11329,439,519,68
20200929,false,2100,276,0,9,1,86638,11377,369,532,70
20200930,false,2124,279,24,4,1,87042,11430,404,492,65
20201001,false,2126,279,2,8,1,87522,11494,480,550,72
20201002,false,2132,280,6,6,1,88116,11572,594,546,72
20201003,false,2143,281,11,7,1,88810,11663,694,554,73
20201004,false,2142,281,-1,6,1,89419,11743,609,512,67
20201005,false,2142,281,0,6,1,89874,11802,455,513,67
20201006,false,2158,283,16,6,1,90276,11855,402,515,68
20201007,false,2165,284,7,8,1,90663,11906,387,520,68
20201008,false,2177,286,12,6,1,91208,11978,545,517,68
20201009,false,2183,287,6,7,1,91918,12071,710,527,69
20201010,false,2190,288,7,7,1,92560,12155,642,543,71
20201011,false,2190,288,0,7,1,93035,12218,475,536,70
20201012,false,2190,288,0,7,1,93035,12218,0,517,68
20201013,false,2211,290,21,7,1,94775,12446,1740,452,59
20201014,false,2211,290,0,8,1,94775,12446,0,643,84
20201015,false,2221,292,10,7,1,95509,12542,734,587,77
20201016,false,2232,293,11,6,1,96185,12631,676,614,81
20201017,false,2239,294,7,7,1,96894,12724,709,610,80
20201018,false,2239,294,0,7,1,98201,12896,1307,619,81
20201019,false,2239,294,0,7,1,98201,12896,0,738,97
20201020,false,2258,297,19,7,1,98661,12956,460,738,97
20201021,false,2282,300,24,7,1,99150,13021,489,555,73
20201022,false,2286,300,4,10,1,99874,13116,724,625,82
20201023,false,2289,301,3,9,1,100525,13201,651,624,82
20201024,false,2296,302,7,8,1,101345,13309,820,620,81
20201025,false,2296,302,0,8,1,102913,13515,1568,636,84
20201026,false,2296,302,0,8,1,102913,13515,0,673,88
20201027,false,2321,305,25,8,1,103500,13592,587,673,88
20201028,false,2337,307,16,9,1,104027,13661,527,691,91
20201029,false,2353,309,16,8,1,104743,13755,716,697,92
20201030,false,2359,310,6,10,1,105557,13862,814,696,91
20201031,false,2366,311,7,10,1,106573,13995,1016,719,94
20201101,false,2366,311,0,10,1,107501,14117,928,747,98
20201102,false,2366,311,0,10,1,108315,14224,814,655,86
20201103,false,2378,312,12,10,1,109354,14361,1039,772,101
20201104,false,2400,315,22,8,1,110011,14447,657,836,110
20201105,false,2416,317,16,9,1,111480,14640,1469,855,112
20201106,false,2431,319,15,9,1,112550,14780,1070,962,126
20201107,false,2439,320,8,10,1,114241,15002,1691,999,131
20201108,false,2439,320,0,10,1,116011,15235,1770,1095,144
20201109,false,2439,320,0,10,1,117331,15408,1320,1216,160
20201110,false,2460,323,21,10,1,118570,15571,1239,1288,169
20201111,false,2482,326,22,12,2,120011,15760,1441,1317,173
20201112,true,2494,328,12,12,2,121377,15939,1366,1366,179
20201113,true,2506,329,12,12,2,122793,16125,1416,1416,186
20201114,true,2518,331,12,12,2,124261,16318,1469,1469,193
20201115,true,2530,332,12,12,2,125784,16518,1523,1523,200
20201116,true,2543,334,12,12,2,127363,16726,1579,1579,207
20201117,true,2555,336,12,12,2,129001,16941,1637,1637,215
20201118,true,2567,337,12,12,2,130699,17164,1698,1698,223
20201119,true,2580,339,12,12,2,132459,17395,1761,1761,231
20201120,true,2592,340,12,12,2,134285,17635,1826,1826,240
20201121,true,2604,342,12,12,2,136179,17883,1893,1893,249
20201122,true,2617,344,12,12,2,138142,18141,1963,1963,258
20201123,true,2630,345,13,13,2,140178,18408,2036,2036,267
20201124,true,2642,347,13,13,2,142289,18686,2111,2111,277
20201125,true,2655,349,13,13,2,144478,18973,2189,2189,287
